11,15,7,4,409
7,5,3,2,410
11,14,2,3,411
3,10,3,9,412
1,6,3,8,413
12,7,6,3,414
4,5,4,8,415
6,8,8,9,416
5,1,3,11,417
2,14,6,5,418
14,1,10,7,419
13,4,8,9,420
8,13,2,4,421
4,14,8,7,422
9,10,10,6,423
11,8,3,5,424
8,14,7,5,425
3,15,10,10,426
13,11,4,2,427
3,8,4,9,428
12,11,9,4,429
2,12,3,10,430
7,13,7,9,431
15,2,10,6,432
9,14,9,6,433
6,7,10,10,434
12,2,6,3,435
1,4,9,3,436
4,7,9,9,437
3,14,2,8,438
6,4,8,4,439
2,4,9,11,440
2,10,7,7,441
15,5,5,11,442
12,5,9,2,443
12,13,10,4,444
6,5,10,8,445
9,8,4,3,446
15,3,8,3,447
4,5,2,9,448
2,9,10,9,449
15,5,6,11,450
2,6,2,3,451
5,10,4,5,452
6,8,10,9,453
6,7,5,9,454
2,10,5,9,455
4,14,8,8,456
5,13,4,9,457
12,5,3,7,458
2,3,6,2,459
3,15,6,10,358
1,11,9,2,359
9,3,3,2,360
6,3,8,7,361
5,8,2,2,362
14,8,4,4,363
7,1,2,8,364
10,13,3,2,365
7,2,10,6,366
9,2,2,2,367
