14,11,5,7,358
7,15,2,5,359
9,8,2,5,360
15,14,4,3,361
1,7,6,6,362
13,3,8,6,363
11,3,3,3,364
4,6,10,6,365
1,13,9,10,366
13,8,7,2,367
1,2,9,2,368
6,7,8,4,369
12,1,8,11,370
2,4,9,9,371
5,3,5,9,372
3,5,5,2,373
2,5,6,10,374
10,5,4,5,375
15,11,3,6,376
6,3,9,7,377
3,6,4,6,378
5,8,4,8,379
7,14,7,5,380
8,13,3,6,381
3,14,2,7,382
10,7,6,6,383
10,6,7,2,384
14,9,5,2,385
8,13,2,6,386
1,6,7,7,387
1,11,5,3,388
6,10,3,9,389
15,14,2,4,390
2,9,2,10,391
10,8,10,5,392
9,5,2,4,393
13,12,2,7,394
6,2,7,6,395
6,10,7,2,396
1,4,4,4,397
9,12,4,5,398
3,5,7,11,399
11,9,7,5,400
14,15,5,4,401
9,13,5,9,402
12,11,4,3,403
11,6,8,7,404
15,7,5,2,405
9,1,5,5,406
3,1,7,6,407
5,12,4,6,408
4,5,3,11,307
9,13,5,3,308
4,5,7,9,309
1,15,4,5,310
3,4,8,3,311
9,7,6,3,312
13,6,9,10,313
9,15,4,5,314
5,11,9,3,315
9,12,7,11,316
