1,4,7,9,562
5,8,9,9,563
9,11,6,11,564
3,14,2,10,565
15,2,7,4,566
10,12,10,2,567
7,1,8,9,568
6,8,7,7,569
7,1,3,10,570
4,3,5,7,571
13,4,5,6,572
3,14,9,7,573
3,14,2,5,574
15,5,2,9,575
4,7,8,9,576
4,14,5,10,577
13,6,2,6,578
1,12,4,9,579
2,4,6,7,580
3,5,5,4,581
5,3,10,7,582
9,6,9,10,583
1,7,7,3,584
4,6,4,3,585
7,6,8,4,586
10,6,7,7,587
15,14,7,8,588
8,9,4,6,589
4,14,8,8,590
7,8,2,10,591
8,9,10,6,592
13,3,9,5,593
15,5,4,6,594
1,4,6,7,595
8,11,9,5,596
8,6,5,11,597
14,5,3,6,598
7,9,6,3,599
11,6,7,3,600
13,11,7,3,601
9,13,5,4,602
13,3,7,8,603
10,4,5,7,604
8,15,9,7,605
5,7,7,11,606
15,7,2,5,607
8,15,9,6,608
3,9,2,11,609
5,15,4,8,610
3,4,4,10,611
12,7,2,11,612
7,1,2,8,511
7,9,8,7,512
7,12,5,2,513
13,9,5,11,514
2,8,10,11,515
9,13,10,6,516
9,3,3,11,517
1,13,10,9,518
15,14,9,6,519
10,2,9,11,520
