15,9,7,2,4540
8,13,7,10,4541
5,15,5,5,4542
14,10,10,6,4543
2,14,3,5,4544
12,14,7,5,4545
10,3,5,5,4546
11,8,9,3,4547
12,2,7,7,4548
6,14,3,7,4549
13,8,10,9,4550
7,2,5,10,4551
1,11,8,7,4552
7,10,5,7,4553
14,9,6,5,4554
12,6,9,9,4555
2,15,9,10,4556
4,5,4,8,4557
7,11,3,5,4558
4,1,5,11,4559
13,14,10,4,4560
11,1,7,5,4561
4,13,2,11,4562
11,10,3,8,4563
1,4,4,3,4564
8,13,7,11,4565
3,15,6,5,4566
1,11,6,11,4567
13,2,3,7,4568
8,7,3,3,4569
6,3,7,5,4570
9,11,3,2,4571
8,13,10,5,4572
3,5,9,7,4573
6,15,6,10,4574
15,10,3,6,4575
1,9,6,3,4576
5,14,4,7,4577
1,8,3,6,4578
2,15,5,6,4579
5,2,10,4,4580
5,12,9,5,4581
3,14,6,2,4582
8,3,3,6,4583
9,15,7,8,4584
8,3,2,7,4585
15,4,9,6,4586
9,7,9,2,4587
4,7,5,6,4588
9,13,5,8,4589
5,6,7,9,4590
10,3,2,6,4489
10,13,7,7,4490
10,5,10,5,4491
3,4,7,10,4492
7,12,7,6,4493
7,9,6,2,4494
6,1,3,10,4495
7,15,3,5,4496
12,8,2,5,4497
6,11,9,7,4498
