9,8,3,4,1327
7,8,2,2,1328
14,1,3,10,1329
1,10,2,7,1330
3,7,10,5,1331
14,12,3,11,1332
7,14,4,9,1333
1,11,3,11,1334
12,3,9,9,1335
9,1,9,2,1336
1,4,5,3,1337
12,13,5,11,1338
10,5,3,3,1339
1,8,9,5,1340
14,1,7,5,1341
13,7,4,9,1342
8,10,2,7,1343
8,3,7,8,1344
3,9,6,4,1345
9,11,7,10,1346
9,2,3,2,1347
15,14,2,11,1348
6,3,8,6,1349
15,4,8,6,1350
3,5,10,9,1351
9,6,5,3,1352
14,10,2,11,1353
6,2,5,9,1354
5,2,6,7,1355
8,14,6,11,1356
6,8,5,4,1357
15,6,8,2,1358
12,11,6,4,1359
2,12,6,7,1360
6,9,7,3,1361
14,10,9,5,1362
7,4,9,9,1363
1,13,10,2,1364
8,9,4,6,1365
7,11,9,7,1366
6,13,9,4,1367
3,1,7,6,1368
10,14,6,6,1369
8,5,7,7,1370
6,4,5,5,1371
14,1,7,3,1372
3,8,4,2,1373
11,4,8,5,1374
12,15,2,10,1375
11,9,6,10,1376
12,11,3,11,1377
14,11,3,7,1276
9,1,8,4,1277
8,5,8,6,1278
8,9,6,8,1279
3,8,5,2,1280
15,3,6,6,1281
6,13,3,2,1282
6,11,9,5,1283
14,1,5,9,1284
11,6,2,7,1285
