12,2,2,9,2500
14,8,2,3,2501
9,12,3,11,2502
7,8,3,7,2503
1,10,5,8,2504
1,14,3,11,2505
8,7,7,11,2506
13,6,10,5,2507
9,6,3,11,2508
6,10,3,8,2509
14,5,6,10,2510
10,7,6,10,2511
3,11,4,7,2512
12,1,8,5,2513
13,3,4,5,2514
3,14,6,3,2515
15,14,10,4,2516
9,8,5,2,2517
3,12,9,6,2518
7,11,4,8,2519
1,15,5,9,2520
8,5,2,11,2521
5,4,8,3,2522
13,6,8,6,2523
7,8,9,7,2524
4,7,8,2,2525
2,13,5,8,2526
2,10,9,8,2527
11,13,6,7,2528
12,4,2,2,2529
14,9,9,2,2530
13,9,4,11,2531
13,10,5,6,2532
5,1,9,4,2533
6,9,2,10,2534
1,12,7,3,2535
11,8,7,9,2536
2,4,5,10,2537
11,9,6,7,2538
12,13,4,9,2539
12,7,4,10,2540
8,11,7,11,2541
11,7,5,4,2542
6,10,5,3,2543
15,7,3,2,2544
12,1,5,11,2545
5,9,4,6,2546
6,4,10,3,2547
15,14,4,9,2548
7,6,7,6,2549
7,1,2,9,2550
1,4,5,4,2449
7,14,2,5,2450
6,1,9,11,2451
8,9,6,5,2452
6,1,9,6,2453
11,3,8,7,2454
14,13,3,7,2455
3,12,2,3,2456
9,7,10,5,2457
10,11,9,5,2458
