14,12,6,7,4132
4,9,4,5,4133
3,4,3,4,4134
14,3,9,10,4135
11,3,9,10,4136
15,7,10,5,4137
11,10,3,4,4138
9,6,9,4,4139
3,11,3,3,4140
9,7,7,3,4141
13,6,10,11,4142
14,11,10,4,4143
1,3,2,2,4144
10,7,2,4,4145
11,3,2,2,4146
3,9,7,11,4147
14,4,4,10,4148
2,1,5,11,4149
3,2,8,10,4150
13,3,9,3,4151
3,4,10,3,4152
5,9,5,5,4153
6,1,4,2,4154
8,2,7,8,4155
3,13,6,6,4156
4,12,10,9,4157
12,7,10,6,4158
12,13,8,3,4159
13,14,9,2,4160
4,9,7,10,4161
9,12,8,7,4162
2,9,7,8,4163
1,2,7,2,4164
8,12,5,5,4165
14,11,7,4,4166
14,13,5,9,4167
6,15,4,5,4168
9,14,5,7,4169
7,1,5,3,4170
1,6,8,8,4171
5,13,7,6,4172
6,14,5,4,4173
13,3,7,4,4174
2,3,10,2,4175
13,11,2,9,4176
5,4,5,3,4177
6,12,3,7,4178
11,8,2,10,4179
1,15,7,9,4180
13,8,7,2,4181
5,4,3,9,4182
4,3,10,10,4081
9,12,8,3,4082
10,7,4,6,4083
4,13,4,9,4084
2,4,5,10,4085
11,1,9,5,4086
2,9,7,4,4087
10,7,7,2,4088
8,13,10,3,4089
9,5,3,2,4090
