4,6,5,10,1072
2,11,8,8,1073
4,14,4,8,1074
13,11,9,8,1075
11,8,7,3,1076
4,5,2,10,1077
10,6,8,7,1078
7,9,3,11,1079
3,4,5,6,1080
4,1,5,3,1081
10,8,4,5,1082
14,2,7,8,1083
6,8,5,4,1084
6,9,2,4,1085
4,10,8,3,1086
2,11,8,6,1087
5,4,2,8,1088
2,9,4,6,1089
8,5,8,7,1090
5,10,4,9,1091
4,5,9,8,1092
4,7,5,8,1093
6,8,6,9,1094
9,7,7,4,1095
15,8,4,9,1096
12,5,6,11,1097
6,12,7,7,1098
10,6,5,9,1099
8,10,9,8,1100
5,13,6,9,1101
6,5,7,4,1102
2,11,9,10,1103
14,3,3,6,1104
8,5,8,6,1105
6,12,10,7,1106
7,8,8,9,1107
12,13,3,4,1108
10,13,3,4,1109
3,7,2,9,1110
8,7,4,3,1111
4,12,5,11,1112
2,6,7,10,1113
15,3,10,5,1114
7,4,4,5,1115
13,2,2,8,1116
4,7,4,4,1117
4,15,7,4,1118
12,14,4,2,1119
10,13,8,3,1120
7,2,5,10,1121
2,1,2,5,1122
9,3,6,2,1021
7,5,8,9,1022
8,6,10,7,1023
7,15,2,4,1024
4,1,9,9,1025
10,3,8,10,1026
3,4,5,11,1027
9,5,4,5,1028
15,8,6,9,1029
1,14,3,4,1030
