1,12,3,4,715
13,5,4,8,716
8,1,6,7,717
6,5,5,8,718
10,15,9,8,719
6,5,5,4,720
8,11,6,8,721
12,6,2,6,722
2,14,3,7,723
5,2,10,6,724
9,12,2,11,725
13,3,5,5,726
2,12,9,8,727
13,15,2,10,728
3,6,4,11,729
3,11,10,9,730
11,4,2,9,731
6,2,2,10,732
15,13,8,8,733
14,5,9,3,734
1,7,7,6,735
14,8,7,2,736
6,11,6,4,737
15,9,4,11,738
3,8,2,10,739
2,9,2,2,740
13,12,2,4,741
14,15,4,6,742
3,10,5,6,743
11,7,4,5,744
3,12,6,5,745
3,6,8,8,746
13,3,10,5,747
12,3,7,4,748
11,3,5,10,749
11,13,7,9,750
9,1,9,5,751
7,4,2,9,752
8,4,5,4,753
3,4,7,6,754
6,3,2,9,755
11,10,5,7,756
10,9,5,2,757
1,7,10,5,758
13,15,7,11,759
9,4,6,8,760
11,10,2,8,761
15,7,8,3,762
7,8,10,6,763
12,13,5,5,764
13,7,3,8,765
4,7,7,2,664
3,1,10,8,665
4,9,9,4,666
11,10,7,9,667
3,6,3,6,668
14,2,10,8,669
10,5,3,9,670
2,8,8,10,671
11,9,7,5,672
15,14,3,10,673
