1,15,10,7,3877
11,3,5,11,3878
12,1,3,8,3879
10,14,7,2,3880
13,11,5,4,3881
9,4,3,6,3882
4,14,8,7,3883
4,2,5,5,3884
4,15,9,5,3885
11,5,3,7,3886
10,14,10,6,3887
2,5,5,9,3888
5,1,5,7,3889
14,12,6,9,3890
8,3,9,4,3891
7,12,8,5,3892
5,2,6,6,3893
1,3,9,9,3894
6,10,9,5,3895
3,2,4,8,3896
10,15,9,11,3897
4,12,3,3,3898
2,6,5,2,3899
13,7,5,7,3900
11,3,3,10,3901
3,7,7,2,3902
5,7,2,6,3903
3,1,7,6,3904
7,5,4,6,3905
9,8,10,8,3906
4,7,7,4,3907
13,8,10,7,3908
4,3,5,2,3909
3,13,3,7,3910
1,6,2,11,3911
4,2,10,9,3912
5,7,2,11,3913
7,6,4,6,3914
8,13,8,11,3915
14,10,2,11,3916
1,6,9,8,3917
14,15,8,10,3918
10,9,7,4,3919
3,13,6,10,3920
6,2,7,8,3921
11,5,6,9,3922
6,9,6,5,3923
3,6,5,10,3924
2,14,7,7,3925
3,12,9,10,3926
3,10,8,6,3927
5,13,8,2,3826
2,4,10,11,3827
4,11,9,10,3828
8,3,10,7,3829
7,13,5,9,3830
3,7,7,7,3831
1,15,4,6,3832
14,10,7,7,3833
9,13,6,11,3834
3,4,9,10,3835
