13,11,4,2,3775
10,11,8,6,3776
6,11,10,4,3777
10,2,10,10,3778
12,10,8,2,3779
13,8,2,9,3780
15,5,4,3,3781
8,13,6,3,3782
7,15,2,9,3783
10,3,4,9,3784
14,8,10,9,3785
4,13,4,6,3786
6,7,8,2,3787
8,4,9,2,3788
4,3,2,5,3789
4,14,7,2,3790
2,12,6,4,3791
5,11,4,8,3792
2,14,5,6,3793
14,5,8,8,3794
9,3,2,9,3795
1,4,2,2,3796
11,5,10,6,3797
4,8,5,5,3798
15,3,7,9,3799
13,4,4,4,3800
3,9,9,11,3801
5,8,4,11,3802
13,6,8,8,3803
15,1,5,10,3804
2,3,6,6,3805
1,15,6,4,3806
11,6,2,10,3807
11,15,3,3,3808
10,6,5,11,3809
11,1,2,7,3810
6,12,8,11,3811
14,8,10,9,3812
14,7,10,3,3813
11,2,6,4,3814
7,9,5,3,3815
15,12,9,10,3816
14,1,7,4,3817
8,15,7,10,3818
13,10,3,5,3819
1,12,10,2,3820
8,14,7,10,3821
9,1,6,6,3822
2,14,8,9,3823
10,12,10,6,3824
2,12,5,5,3825
1,12,10,11,3724
15,7,4,7,3725
8,14,3,11,3726
8,9,3,3,3727
2,9,6,2,3728
1,14,10,7,3729
1,3,3,11,3730
9,3,9,2,3731
10,1,10,9,3732
1,14,8,4,3733
