9,10,2,8,2551
13,3,9,3,2552
6,13,5,7,2553
14,15,2,2,2554
14,1,2,4,2555
11,5,8,8,2556
3,13,2,9,2557
13,1,8,6,2558
9,6,5,4,2559
12,14,4,3,2560
1,10,7,9,2561
13,6,9,6,2562
10,8,5,11,2563
8,10,6,9,2564
5,3,7,9,2565
11,9,3,8,2566
11,7,7,6,2567
7,15,5,2,2568
14,9,7,8,2569
5,12,4,3,2570
15,13,3,5,2571
15,13,2,7,2572
8,4,6,4,2573
2,9,10,4,2574
9,2,6,2,2575
2,1,2,3,2576
12,1,5,6,2577
10,8,2,9,2578
14,10,3,5,2579
14,11,2,8,2580
7,10,9,6,2581
1,3,2,10,2582
6,11,7,3,2583
4,15,8,8,2584
1,7,8,9,2585
10,8,9,4,2586
7,14,2,4,2587
3,9,8,7,2588
12,8,5,3,2589
7,2,3,10,2590
13,12,6,8,2591
10,15,6,4,2592
9,11,5,7,2593
9,4,7,5,2594
3,15,5,4,2595
10,14,5,3,2596
3,4,7,5,2597
11,10,3,7,2598
6,13,8,10,2599
11,4,2,10,2600
4,1,4,7,2601
3,1,5,2,2500
15,13,9,8,2501
4,1,2,2,2502
6,14,9,7,2503
15,9,2,9,2504
12,2,9,8,2505
15,6,8,11,2506
13,14,10,6,2507
12,8,6,11,2508
6,9,2,3,2509
