7,8,5,5,3520
13,1,10,8,3521
9,8,3,8,3522
8,13,7,7,3523
1,8,9,6,3524
14,12,6,5,3525
10,14,3,7,3526
1,9,6,9,3527
10,8,9,9,3528
2,4,5,10,3529
10,6,8,8,3530
3,13,10,3,3531
12,10,9,11,3532
3,15,4,5,3533
5,2,4,9,3534
11,15,7,10,3535
14,7,5,3,3536
5,2,9,6,3537
6,10,5,2,3538
10,15,2,3,3539
2,10,9,5,3540
7,14,3,5,3541
12,3,7,6,3542
7,4,6,9,3543
4,6,6,3,3544
4,7,5,8,3545
7,8,3,9,3546
14,1,5,9,3547
3,8,7,11,3548
11,12,5,8,3549
8,12,3,8,3550
15,14,10,3,3551
11,4,6,11,3552
14,9,10,9,3553
1,5,10,7,3554
8,13,8,10,3555
1,9,5,9,3556
8,9,4,3,3557
15,5,8,4,3558
13,1,9,7,3559
2,13,10,9,3560
3,8,3,9,3561
14,5,7,5,3562
13,7,7,9,3563
15,8,10,7,3564
10,4,2,11,3565
2,1,3,9,3566
12,4,6,7,3567
10,8,6,2,3568
5,15,9,2,3569
4,11,8,9,3570
5,9,4,6,3469
3,9,9,2,3470
8,2,2,5,3471
11,15,5,5,3472
1,14,6,8,3473
2,5,9,11,3474
5,14,6,11,3475
7,13,5,2,3476
7,5,2,8,3477
6,14,6,5,3478
