15,11,2,3,4285
2,15,6,8,4286
9,10,7,4,4287
11,2,4,2,4288
5,3,4,8,4289
15,6,7,11,4290
14,4,3,7,4291
2,6,7,3,4292
9,10,4,3,4293
9,1,9,11,4294
3,7,4,8,4295
3,8,2,7,4296
5,3,5,5,4297
5,13,9,8,4298
14,3,9,2,4299
13,4,8,6,4300
8,3,10,8,4301
13,6,4,6,4302
7,13,5,2,4303
8,15,4,9,4304
14,10,3,3,4305
4,7,7,8,4306
1,11,7,3,4307
13,14,2,3,4308
10,3,8,9,4309
7,3,10,10,4310
3,4,6,4,4311
7,9,5,7,4312
9,12,4,2,4313
11,5,2,10,4314
1,11,7,3,4315
14,7,8,11,4316
2,11,9,6,4317
12,15,6,4,4318
8,5,6,11,4319
2,3,4,7,4320
12,6,7,7,4321
15,8,6,9,4322
13,3,4,11,4323
7,1,5,6,4324
15,1,3,10,4325
3,15,6,10,4326
14,5,7,10,4327
11,8,4,6,4328
15,3,3,11,4329
8,4,2,2,4330
9,11,8,3,4331
2,15,2,2,4332
5,12,9,3,4333
15,7,5,3,4334
8,11,9,8,4335
7,15,5,2,4234
15,14,3,3,4235
10,5,8,6,4236
1,2,8,4,4237
14,5,9,2,4238
8,7,5,7,4239
4,14,9,7,4240
5,10,8,7,4241
6,15,10,4,4242
3,4,4,4,4243
