5,3,3,9,2908
3,4,4,8,2909
11,14,2,3,2910
3,9,2,7,2911
15,1,3,5,2912
5,6,4,5,2913
11,8,8,10,2914
15,13,9,5,2915
11,7,5,8,2916
7,2,8,7,2917
3,14,9,11,2918
9,5,3,7,2919
6,4,4,10,2920
11,12,2,6,2921
5,12,8,8,2922
12,6,8,8,2923
11,7,4,9,2924
4,15,9,9,2925
2,1,5,6,2926
4,10,3,5,2927
14,4,5,10,2928
1,8,5,8,2929
10,9,2,6,2930
3,12,9,8,2931
4,13,2,8,2932
14,11,8,7,2933
3,6,3,7,2934
2,10,6,11,2935
6,7,4,10,2936
10,1,3,7,2937
2,3,5,2,2938
6,5,10,4,2939
6,9,6,8,2940
12,1,8,10,2941
10,11,4,2,2942
11,14,8,5,2943
12,6,2,5,2944
11,4,5,7,2945
14,5,5,8,2946
9,13,2,5,2947
14,13,2,6,2948
1,10,8,9,2949
8,1,6,4,2950
2,3,5,8,2951
4,5,6,8,2952
14,12,6,5,2953
1,5,10,5,2954
4,11,7,10,2955
3,15,8,3,2956
12,1,4,9,2957
9,13,9,10,2958
8,6,4,3,2857
7,8,8,3,2858
13,1,3,9,2859
12,13,4,4,2860
7,10,9,8,2861
11,15,9,3,2862
1,5,2,6,2863
7,15,4,5,2864
6,5,9,3,2865
14,9,9,5,2866
