14,6,5,7,1174
15,11,10,7,1175
15,5,5,2,1176
13,1,2,2,1177
7,11,3,6,1178
9,7,5,2,1179
3,7,5,3,1180
7,3,6,9,1181
6,9,7,3,1182
1,7,3,9,1183
12,4,10,6,1184
11,14,3,7,1185
1,7,9,11,1186
7,8,10,9,1187
2,9,8,6,1188
13,3,3,4,1189
8,12,5,7,1190
12,7,6,2,1191
15,5,2,10,1192
4,8,9,3,1193
8,5,3,5,1194
2,12,5,2,1195
15,13,8,7,1196
6,10,6,9,1197
13,5,5,6,1198
11,13,8,11,1199
10,2,7,9,1200
6,14,3,3,1201
2,14,6,7,1202
8,11,2,8,1203
4,7,9,3,1204
11,7,5,11,1205
13,15,8,3,1206
14,10,5,7,1207
14,6,5,5,1208
6,13,8,3,1209
13,9,10,6,1210
10,2,8,3,1211
8,14,2,3,1212
10,7,9,4,1213
1,2,3,7,1214
13,8,6,2,1215
7,9,8,6,1216
7,15,7,4,1217
7,14,4,3,1218
14,7,3,5,1219
10,9,6,11,1220
12,9,3,6,1221
6,3,6,2,1222
12,3,7,5,1223
9,13,8,4,1224
11,6,8,5,1123
7,10,4,9,1124
1,7,9,10,1125
3,9,10,10,1126
9,10,10,4,1127
3,5,3,8,1128
4,8,5,10,1129
10,4,8,10,1130
3,1,10,7,1131
2,3,4,9,1132
