14,4,4,7,1837
4,7,3,2,1838
9,13,8,2,1839
4,6,4,5,1840
15,6,9,11,1841
13,8,7,9,1842
15,2,10,3,1843
10,3,5,8,1844
6,9,2,5,1845
10,13,5,11,1846
14,7,9,4,1847
11,6,3,2,1848
2,12,2,6,1849
15,9,8,11,1850
8,4,4,7,1851
3,7,8,11,1852
7,12,6,8,1853
3,1,2,5,1854
12,11,9,2,1855
14,1,6,8,1856
4,8,3,5,1857
14,4,9,8,1858
6,1,9,10,1859
13,2,2,4,1860
2,8,9,8,1861
10,4,3,4,1862
7,9,9,7,1863
13,11,5,10,1864
10,15,5,7,1865
8,15,2,2,1866
3,12,2,3,1867
8,3,2,8,1868
5,1,5,11,1869
1,15,7,6,1870
11,4,5,2,1871
4,11,5,4,1872
4,9,2,3,1873
8,9,2,5,1874
3,8,7,10,1875
1,8,9,11,1876
2,15,2,8,1877
14,4,10,2,1878
1,7,7,5,1879
2,3,6,5,1880
15,3,9,5,1881
6,12,8,5,1882
13,7,3,5,1883
10,1,7,7,1884
15,4,7,11,1885
12,8,9,9,1886
5,3,3,11,1887
15,2,8,2,1786
6,4,7,3,1787
1,11,9,8,1788
12,10,5,7,1789
10,11,10,9,1790
15,9,8,3,1791
6,9,9,5,1792
4,2,9,4,1793
3,4,2,3,1794
9,3,3,4,1795
