2,4,10,10,3112
1,11,10,9,3113
2,12,8,5,3114
2,5,9,7,3115
6,10,3,6,3116
11,3,5,11,3117
9,3,7,6,3118
15,6,2,2,3119
6,15,2,9,3120
3,12,8,8,3121
6,10,5,3,3122
13,3,5,10,3123
5,11,6,6,3124
12,7,2,5,3125
9,13,10,9,3126
4,2,5,3,3127
11,4,5,2,3128
14,11,3,3,3129
1,7,2,11,3130
6,12,3,7,3131
8,15,5,7,3132
6,12,8,2,3133
10,14,4,4,3134
12,2,6,2,3135
1,2,3,4,3136
13,6,8,8,3137
11,15,7,2,3138
6,5,6,4,3139
7,1,7,11,3140
15,10,6,8,3141
11,10,9,11,3142
15,7,8,11,3143
2,14,9,8,3144
14,9,7,7,3145
10,13,3,5,3146
14,9,5,7,3147
8,1,4,2,3148
8,14,3,5,3149
8,12,7,11,3150
8,3,5,8,3151
1,8,6,10,3152
12,2,9,7,3153
7,11,9,7,3154
2,6,10,7,3155
7,14,7,4,3156
14,6,6,10,3157
2,9,8,4,3158
11,1,3,11,3159
7,14,10,2,3160
14,12,9,3,3161
8,11,7,2,3162
9,11,6,7,3061
4,1,4,8,3062
15,10,3,7,3063
12,4,8,7,3064
10,2,3,11,3065
10,12,7,4,3066
4,13,8,11,3067
5,12,5,9,3068
2,9,4,6,3069
13,1,3,8,3070
