3,6,2,6,2806
10,6,5,11,2807
7,11,6,6,2808
8,15,6,6,2809
10,13,10,2,2810
14,4,8,3,2811
2,5,9,11,2812
4,12,4,6,2813
6,11,9,8,2814
15,6,10,11,2815
10,14,10,5,2816
9,12,3,2,2817
7,9,5,11,2818
3,9,9,8,2819
3,13,10,11,2820
5,13,2,7,2821
3,12,7,10,2822
5,4,8,4,2823
8,14,6,11,2824
14,6,10,8,2825
15,6,6,6,2826
15,8,7,3,2827
9,5,3,2,2828
6,10,5,10,2829
9,4,9,8,2830
15,10,9,4,2831
2,5,9,10,2832
14,2,5,5,2833
1,7,5,3,2834
12,5,5,2,2835
5,7,8,10,2836
4,7,8,2,2837
3,2,7,7,2838
2,13,4,5,2839
9,10,2,8,2840
7,6,9,9,2841
9,2,4,6,2842
3,13,7,10,2843
9,14,9,11,2844
7,1,3,8,2845
2,6,7,2,2846
2,15,8,4,2847
10,15,10,6,2848
3,14,9,6,2849
7,11,4,6,2850
5,9,6,2,2851
3,10,8,3,2852
3,2,2,9,2853
2,13,8,3,2854
4,7,2,5,2855
10,5,2,5,2856
10,7,8,5,2755
4,3,3,11,2756
12,10,2,5,2757
9,1,9,8,2758
7,13,2,6,2759
3,7,5,5,2760
13,2,2,6,2761
8,13,2,5,2762
11,10,4,9,2763
1,7,9,4,2764
