15,6,4,9,766
8,15,4,5,767
8,1,7,7,768
9,2,2,5,769
5,14,10,9,770
5,9,3,5,771
6,12,6,10,772
6,15,7,5,773
1,8,4,3,774
12,2,5,6,775
8,6,10,8,776
11,10,4,7,777
4,9,5,5,778
10,6,10,4,779
12,1,7,6,780
1,12,3,8,781
9,2,9,2,782
11,1,7,6,783
15,12,2,5,784
15,10,7,4,785
13,14,3,2,786
1,4,6,11,787
8,11,7,3,788
13,10,9,4,789
4,13,3,8,790
12,4,9,2,791
9,2,4,11,792
15,4,5,7,793
4,6,5,10,794
14,4,5,7,795
9,11,7,9,796
1,5,2,6,797
12,2,6,4,798
13,6,9,7,799
10,6,2,2,800
10,15,8,8,801
3,2,7,5,802
10,14,7,6,803
12,8,3,2,804
1,5,7,8,805
5,10,2,7,806
4,2,4,2,807
6,12,7,10,808
7,13,6,2,809
12,2,3,2,810
7,2,10,9,811
8,11,3,7,812
12,9,6,4,813
9,12,2,9,814
14,11,2,10,815
1,15,2,11,816
1,9,4,2,715
3,12,3,9,716
2,5,5,8,717
9,2,5,4,718
15,14,4,2,719
9,14,7,9,720
6,15,8,7,721
3,5,10,3,722
6,1,3,9,723
11,6,3,9,724
