9,11,9,2,3367
8,2,4,2,3368
11,10,5,5,3369
4,15,7,7,3370
6,2,3,10,3371
10,2,10,9,3372
1,15,3,2,3373
13,5,9,9,3374
9,14,4,2,3375
8,1,9,11,3376
9,6,3,10,3377
8,3,6,4,3378
6,12,9,2,3379
4,14,6,6,3380
1,7,3,5,3381
15,9,8,6,3382
4,6,2,10,3383
12,14,8,3,3384
5,10,10,3,3385
5,10,7,3,3386
12,14,3,11,3387
8,5,3,11,3388
9,13,7,9,3389
2,12,7,6,3390
4,11,8,7,3391
1,5,2,6,3392
11,4,2,9,3393
5,9,6,7,3394
4,8,5,4,3395
15,7,5,5,3396
15,13,10,11,3397
13,8,9,2,3398
4,9,6,10,3399
2,7,4,2,3400
12,9,8,8,3401
9,2,2,5,3402
7,13,4,10,3403
11,6,5,10,3404
8,5,10,9,3405
7,2,3,5,3406
4,10,10,3,3407
11,3,5,4,3408
12,15,2,3,3409
7,8,9,2,3410
4,10,8,9,3411
4,11,10,5,3412
8,10,6,4,3413
8,2,6,7,3414
2,11,5,8,3415
3,15,9,11,3416
12,4,5,8,3417
14,2,2,2,3316
5,7,6,11,3317
7,9,5,6,3318
8,7,8,3,3319
12,13,10,11,3320
3,11,2,9,3321
1,15,4,4,3322
13,7,3,6,3323
5,11,3,10,3324
15,8,8,4,3325
