6,5,2,5,2602
3,1,10,4,2603
4,1,4,4,2604
4,9,2,3,2605
11,14,4,4,2606
11,13,4,6,2607
10,4,9,7,2608
13,4,5,11,2609
15,6,9,7,2610
1,6,5,3,2611
12,14,10,3,2612
1,6,10,3,2613
10,13,9,4,2614
6,11,9,10,2615
14,12,2,8,2616
9,12,8,9,2617
13,10,10,3,2618
7,10,2,10,2619
4,9,4,5,2620
15,8,10,3,2621
9,10,2,6,2622
8,6,10,6,2623
7,14,9,2,2624
3,7,8,8,2625
14,3,4,7,2626
4,1,7,9,2627
13,9,2,10,2628
7,6,2,4,2629
10,14,8,5,2630
9,1,8,2,2631
10,6,9,9,2632
12,14,6,8,2633
8,15,2,6,2634
10,2,5,7,2635
9,7,3,7,2636
12,11,7,2,2637
15,4,3,11,2638
14,3,5,10,2639
10,4,10,7,2640
10,12,7,8,2641
4,12,2,2,2642
1,4,3,10,2643
7,9,5,6,2644
8,15,5,2,2645
15,11,5,8,2646
11,7,4,8,2647
7,10,9,2,2648
1,8,9,4,2649
9,7,7,11,2650
10,12,4,9,2651
3,6,9,8,2652
11,7,6,9,2551
11,1,3,4,2552
7,4,3,6,2553
4,14,7,6,2554
15,5,3,2,2555
12,7,8,10,2556
9,12,6,5,2557
7,5,2,7,2558
5,8,2,5,2559
1,11,5,6,2560
