14,5,8,7,2704
2,13,3,9,2705
4,7,2,7,2706
11,12,6,7,2707
1,14,9,8,2708
15,9,5,5,2709
7,1,5,2,2710
3,9,10,6,2711
5,11,4,3,2712
3,15,4,5,2713
2,6,6,3,2714
7,11,4,2,2715
11,1,7,2,2716
1,4,2,10,2717
1,13,5,7,2718
12,15,9,4,2719
5,6,5,2,2720
10,2,10,8,2721
5,15,7,3,2722
10,15,5,2,2723
6,10,2,2,2724
8,15,5,8,2725
14,2,6,9,2726
6,1,3,9,2727
1,6,3,9,2728
15,1,6,2,2729
13,2,7,9,2730
15,8,9,4,2731
15,3,4,5,2732
2,13,9,9,2733
8,3,10,3,2734
6,9,4,6,2735
11,10,2,6,2736
10,4,3,3,2737
11,8,6,6,2738
2,15,9,3,2739
7,10,2,11,2740
10,4,3,4,2741
15,11,7,3,2742
6,5,6,11,2743
12,15,3,11,2744
15,9,10,9,2745
14,7,6,3,2746
12,14,2,6,2747
4,8,6,10,2748
7,3,6,7,2749
12,4,9,2,2750
11,15,4,8,2751
14,7,5,5,2752
9,13,3,6,2753
14,12,8,9,2754
9,8,3,3,2653
9,4,5,11,2654
11,8,7,4,2655
9,5,5,9,2656
12,15,4,11,2657
5,7,5,4,2658
15,5,2,3,2659
8,6,2,11,2660
10,5,6,5,2661
6,3,6,7,2662
