9,15,5,7,2194
8,1,10,4,2195
10,14,8,7,2196
4,11,2,10,2197
12,10,5,10,2198
7,11,7,11,2199
13,2,8,6,2200
15,2,2,2,2201
9,3,4,9,2202
11,1,8,9,2203
12,2,6,4,2204
7,2,4,3,2205
3,8,6,6,2206
3,13,9,9,2207
6,11,8,8,2208
2,8,6,3,2209
13,9,9,3,2210
5,10,8,8,2211
15,11,6,6,2212
4,13,10,11,2213
8,11,6,7,2214
8,6,3,8,2215
10,9,9,7,2216
3,10,6,2,2217
6,4,3,5,2218
11,12,9,6,2219
9,15,8,2,2220
13,4,3,10,2221
15,13,5,6,2222
13,6,6,7,2223
14,15,8,5,2224
6,14,7,11,2225
14,1,8,9,2226
10,13,4,6,2227
2,12,3,3,2228
1,8,2,6,2229
1,9,3,5,2230
12,2,6,7,2231
14,1,8,10,2232
10,3,7,4,2233
6,13,3,9,2234
11,10,5,3,2235
12,6,8,5,2236
6,8,4,4,2237
14,6,3,4,2238
12,6,4,5,2239
5,13,7,5,2240
6,13,9,5,2241
14,13,2,8,2242
5,10,5,9,2243
8,6,3,3,2244
11,9,8,2,2143
12,13,4,2,2144
7,14,5,8,2145
5,9,10,2,2146
6,5,3,9,2147
1,8,10,11,2148
5,7,4,2,2149
8,11,2,2,2150
14,15,8,11,2151
2,3,2,5,2152
