13,2,2,3,4642
11,10,9,10,4643
3,6,6,7,4644
4,3,2,7,4645
7,1,10,5,4646
12,3,3,6,4647
5,4,9,9,4648
15,2,10,11,4649
9,4,6,4,4650
9,10,5,7,4651
14,8,7,8,4652
3,9,5,11,4653
15,13,4,9,4654
6,1,6,8,4655
11,13,3,8,4656
6,14,4,2,4657
8,7,8,11,4658
5,15,5,3,4659
10,6,9,7,4660
3,1,3,9,4661
6,2,10,6,4662
15,4,8,3,4663
5,2,8,8,4664
10,3,9,2,4665
3,4,2,11,4666
6,11,6,5,4667
12,4,4,5,4668
7,9,6,6,4669
4,10,3,5,4670
13,5,3,2,4671
8,13,8,6,4672
14,11,5,10,4673
9,7,5,7,4674
8,6,6,8,4675
5,3,4,8,4676
5,15,8,9,4677
10,9,3,11,4678
7,1,5,11,4679
9,4,8,3,4680
10,1,9,10,4681
10,3,4,7,4682
4,15,10,9,4683
15,1,9,2,4684
3,9,2,4,4685
7,8,6,8,4686
8,7,4,8,4687
3,14,5,5,4688
2,13,3,11,4689
14,1,7,7,4690
12,2,3,6,4691
13,4,6,11,4692
10,9,7,5,4591
14,13,4,9,4592
7,1,7,8,4593
6,13,2,10,4594
9,3,10,4,4595
9,3,3,7,4596
2,1,7,10,4597
1,15,6,2,4598
15,9,6,9,4599
12,6,10,4,4600
