11,3,6,10,1429
3,1,5,4,1430
13,12,4,11,1431
13,11,8,6,1432
12,2,9,8,1433
10,5,10,5,1434
2,3,2,2,1435
9,14,7,11,1436
1,3,6,6,1437
7,10,5,5,1438
12,10,9,5,1439
5,3,3,11,1440
14,12,3,4,1441
8,14,6,6,1442
6,3,5,6,1443
15,6,8,6,1444
12,13,7,7,1445
5,11,7,7,1446
12,4,9,4,1447
13,1,6,11,1448
1,4,10,8,1449
2,7,7,11,1450
1,2,10,7,1451
2,11,3,9,1452
6,4,5,8,1453
4,2,5,5,1454
13,11,5,6,1455
15,9,3,7,1456
13,4,7,8,1457
6,7,8,10,1458
2,10,7,7,1459
14,6,4,7,1460
6,8,8,7,1461
13,2,3,8,1462
12,13,9,8,1463
11,3,2,5,1464
1,13,10,11,1465
8,13,10,3,1466
1,3,6,8,1467
13,12,10,3,1468
4,5,9,9,1469
14,10,5,4,1470
4,1,5,5,1471
14,12,4,5,1472
13,1,3,4,1473
7,2,4,5,1474
14,11,3,2,1475
1,15,10,3,1476
2,8,6,11,1477
6,4,9,6,1478
7,3,4,7,1479
1,5,2,2,1378
11,12,6,11,1379
12,13,6,6,1380
2,1,4,10,1381
12,1,6,3,1382
8,9,4,6,1383
13,11,5,6,1384
11,7,6,2,1385
14,12,4,3,1386
12,8,3,11,1387
