1,4,6,4,2449
7,14,6,5,2450
6,1,2,11,2451
8,9,9,5,2452
6,1,7,6,2453
11,3,7,7,2454
14,13,5,7,2455
3,12,4,3,2456
9,7,6,5,2457
10,11,10,5,2458
11,10,5,4,2459
2,11,2,2,2460
10,12,8,7,2461
1,14,7,10,2462
7,8,8,3,2463
13,11,4,11,2464
2,9,5,10,2465
4,1,5,8,2466
5,7,8,6,2467
12,13,9,2,2468
5,12,4,3,2469
8,5,6,7,2470
15,14,9,9,2471
8,7,9,6,2472
3,10,6,8,2473
8,12,3,6,2474
5,7,5,10,2475
5,14,5,3,2476
4,9,2,11,2477
10,13,3,8,2478
11,13,3,3,2479
6,11,7,4,2480
4,13,10,8,2481
5,3,9,11,2482
6,2,10,8,2483
4,14,4,3,2484
10,9,8,11,2485
5,8,8,2,2486
15,3,4,10,2487
2,4,6,7,2488
15,2,10,3,2489
1,9,5,6,2490
1,4,6,4,2491
9,3,10,8,2492
12,10,7,5,2493
5,1,6,6,2494
11,10,4,5,2495
14,11,2,8,2496
12,7,7,5,2497
3,7,3,5,2498
3,9,7,5,2499
4,14,2,7,2398
11,3,7,7,2399
5,2,9,10,2400
1,9,3,8,2401
5,1,8,2,2402
6,5,7,2,2403
3,11,10,5,2404
1,11,2,7,2405
3,7,2,2,2406
6,2,2,6,2407
