7,1,2,11,3010
9,14,4,9,3011
9,13,4,8,3012
12,9,8,8,3013
11,5,2,4,3014
2,11,9,2,3015
7,3,6,2,3016
13,10,10,7,3017
13,8,5,4,3018
15,14,8,5,3019
9,10,8,8,3020
1,10,3,3,3021
12,7,6,4,3022
5,12,4,4,3023
2,1,3,7,3024
13,15,3,7,3025
12,4,2,4,3026
13,10,5,4,3027
8,11,8,10,3028
2,1,4,5,3029
12,4,4,11,3030
14,9,4,8,3031
13,14,9,7,3032
6,15,9,6,3033
10,4,4,7,3034
13,11,4,3,3035
6,9,8,6,3036
12,9,5,8,3037
12,7,7,6,3038
8,1,10,9,3039
3,15,5,11,3040
3,11,3,4,3041
3,15,7,6,3042
15,2,2,9,3043
12,10,6,3,3044
13,2,2,3,3045
3,9,8,3,3046
14,8,8,4,3047
3,4,2,8,3048
4,13,7,9,3049
14,11,3,11,3050
5,12,9,10,3051
11,2,5,5,3052
6,10,5,3,3053
14,8,9,3,3054
9,15,3,6,3055
11,14,3,9,3056
4,7,2,8,3057
11,7,3,8,3058
15,3,5,4,3059
15,6,6,3,3060
9,7,7,8,2959
11,1,7,7,2960
11,7,6,4,2961
1,4,4,10,2962
11,8,9,9,2963
14,1,6,2,2964
11,3,8,11,2965
9,1,2,7,2966
9,10,3,2,2967
12,13,4,11,2968
