6,4,7,2,4030
14,11,6,5,4031
12,6,4,7,4032
12,14,2,3,4033
1,8,10,3,4034
4,11,7,3,4035
4,10,7,8,4036
6,8,5,6,4037
2,10,9,10,4038
11,5,7,5,4039
1,3,4,9,4040
4,6,5,10,4041
7,4,9,5,4042
6,2,9,10,4043
9,1,6,3,4044
4,5,5,7,4045
3,1,7,5,4046
5,1,9,2,4047
7,9,2,5,4048
7,1,5,10,4049
15,3,6,7,4050
15,2,5,9,4051
14,9,9,4,4052
6,15,4,7,4053
2,3,3,11,4054
9,3,8,4,4055
12,8,4,9,4056
13,14,3,6,4057
10,13,7,2,4058
3,15,8,7,4059
6,10,7,7,4060
8,3,4,5,4061
11,9,10,8,4062
15,14,2,9,4063
7,2,9,5,4064
1,5,10,3,4065
7,11,4,8,4066
6,7,7,3,4067
1,8,4,2,4068
7,15,7,3,4069
5,11,6,3,4070
13,10,3,5,4071
11,9,10,10,4072
5,9,8,8,4073
3,2,6,11,4074
6,10,8,6,4075
8,11,9,7,4076
14,8,10,8,4077
14,12,6,3,4078
5,11,7,6,4079
14,5,8,5,4080
9,2,2,2,3979
15,7,9,9,3980
5,14,4,5,3981
14,2,7,4,3982
2,7,5,11,3983
2,13,8,9,3984
3,15,8,8,3985
2,15,7,6,3986
9,15,3,10,3987
14,4,8,9,3988
