13,10,9,7,3163
3,9,3,10,3164
8,9,10,4,3165
5,10,3,2,3166
5,12,3,4,3167
7,10,5,4,3168
5,10,7,2,3169
8,10,7,5,3170
5,10,2,3,3171
4,7,2,4,3172
8,3,4,4,3173
9,3,6,2,3174
6,5,5,11,3175
7,3,7,8,3176
15,13,6,2,3177
6,8,7,5,3178
7,8,10,6,3179
12,3,9,11,3180
7,15,2,3,3181
9,15,8,5,3182
13,2,6,7,3183
9,11,3,3,3184
2,6,2,9,3185
3,14,10,11,3186
8,6,9,3,3187
6,3,3,3,3188
14,8,4,7,3189
1,8,4,11,3190
6,10,3,5,3191
3,14,9,2,3192
14,7,10,10,3193
5,2,9,6,3194
8,9,6,11,3195
9,2,3,6,3196
12,10,3,10,3197
13,12,9,3,3198
14,11,8,6,3199
12,1,8,5,3200
9,3,10,9,3201
12,10,9,8,3202
13,10,7,7,3203
8,11,10,9,3204
12,15,8,5,3205
3,4,10,11,3206
3,1,2,11,3207
2,6,6,8,3208
15,14,8,10,3209
2,4,8,5,3210
13,6,10,10,3211
13,11,2,8,3212
11,3,3,2,3213
13,4,9,5,3112
6,11,5,2,3113
8,3,9,7,3114
15,10,10,10,3115
5,7,4,10,3116
11,8,6,5,3117
2,5,2,2,3118
1,4,9,9,3119
4,7,9,4,3120
14,10,5,11,3121
