9,7,10,8,2959
11,1,2,7,2960
11,7,8,4,2961
1,4,5,10,2962
11,8,7,9,2963
14,1,4,2,2964
11,3,9,11,2965
9,1,10,7,2966
9,10,6,2,2967
12,13,10,11,2968
2,5,8,5,2969
4,15,2,7,2970
9,11,2,5,2971
13,3,2,8,2972
1,14,10,5,2973
7,4,3,3,2974
4,13,6,6,2975
13,4,5,6,2976
3,8,5,7,2977
6,2,2,7,2978
3,12,6,3,2979
11,12,6,6,2980
8,2,3,2,2981
14,11,10,4,2982
10,1,7,11,2983
8,11,5,2,2984
14,5,10,2,2985
7,4,2,3,2986
10,11,3,9,2987
3,9,10,2,2988
5,7,9,11,2989
3,10,4,4,2990
6,10,4,3,2991
3,1,8,7,2992
11,5,9,11,2993
3,11,7,10,2994
14,15,2,8,2995
10,15,8,5,2996
7,12,3,4,2997
14,9,4,10,2998
7,6,5,3,2999
8,3,3,6,3000
10,9,5,6,3001
4,13,10,4,3002
2,7,5,6,3003
6,1,5,7,3004
13,15,4,11,3005
10,9,5,10,3006
12,8,10,5,3007
2,7,3,3,3008
14,9,3,9,3009
1,2,3,3,2908
1,4,3,4,2909
12,2,8,8,2910
14,12,3,10,2911
4,6,9,9,2912
10,9,3,4,2913
4,9,6,8,2914
4,9,3,11,2915
3,5,2,10,2916
8,5,9,5,2917
