9,12,7,9,4234
3,4,9,6,4235
6,3,8,5,4236
8,6,5,11,4237
7,13,5,8,4238
5,2,2,5,4239
6,5,9,7,4240
5,6,7,5,4241
4,2,9,6,4242
9,8,2,10,4243
6,14,5,8,4244
7,3,8,6,4245
10,2,9,6,4246
1,15,8,8,4247
10,6,6,5,4248
14,6,9,10,4249
7,9,3,2,4250
4,14,9,10,4251
3,12,9,2,4252
8,4,3,6,4253
14,5,6,7,4254
13,4,9,2,4255
10,13,3,3,4256
4,10,6,3,4257
15,12,9,8,4258
11,14,6,10,4259
2,5,8,7,4260
5,1,9,3,4261
14,8,10,11,4262
3,7,2,6,4263
1,11,5,10,4264
12,11,3,11,4265
2,14,7,3,4266
9,4,2,7,4267
6,9,4,9,4268
10,11,5,10,4269
12,1,2,10,4270
8,12,9,2,4271
3,7,9,11,4272
9,6,8,3,4273
15,5,8,8,4274
15,4,2,5,4275
14,5,10,3,4276
11,10,10,8,4277
1,2,9,11,4278
13,5,4,3,4279
7,12,7,9,4280
7,3,6,5,4281
11,12,4,10,4282
9,5,4,4,4283
12,7,5,5,4284
7,12,5,7,4183
1,2,10,11,4184
14,10,9,9,4185
7,5,9,6,4186
10,11,10,10,4187
11,15,2,11,4188
2,4,3,6,4189
14,7,6,3,4190
3,8,5,9,4191
7,9,5,2,4192
