11,10,2,5,1480
15,8,10,2,1481
7,2,6,9,1482
6,8,3,3,1483
5,4,6,7,1484
8,1,7,9,1485
9,14,4,5,1486
15,10,9,2,1487
3,7,7,11,1488
1,9,7,7,1489
9,3,7,11,1490
4,1,9,7,1491
5,3,4,9,1492
1,15,8,8,1493
13,8,6,9,1494
10,14,4,10,1495
2,13,9,2,1496
12,13,10,3,1497
11,7,9,3,1498
9,3,3,6,1499
15,6,2,5,1500
11,3,8,10,1501
15,2,7,9,1502
9,14,3,10,1503
1,11,9,11,1504
6,11,5,3,1505
5,2,6,9,1506
5,2,10,7,1507
15,2,4,2,1508
15,10,3,10,1509
12,4,9,5,1510
2,8,9,2,1511
5,10,4,5,1512
2,6,2,9,1513
4,6,2,11,1514
8,13,5,2,1515
4,10,7,2,1516
9,11,9,10,1517
11,7,6,11,1518
3,4,2,4,1519
4,14,8,4,1520
9,13,6,9,1521
3,5,10,4,1522
6,14,7,10,1523
13,9,2,3,1524
6,10,7,7,1525
10,14,10,6,1526
9,8,8,4,1527
13,8,4,6,1528
4,15,4,4,1529
15,8,7,4,1530
6,4,8,2,1429
5,12,3,10,1430
8,7,8,3,1431
12,9,10,10,1432
13,12,9,6,1433
9,1,8,11,1434
13,8,3,8,1435
3,9,9,9,1436
3,7,3,9,1437
7,1,6,7,1438
