3,6,2,7,664
15,14,10,8,665
2,6,8,10,666
1,4,9,5,667
10,6,2,6,668
5,15,8,8,669
4,15,7,6,670
9,10,7,8,671
2,6,4,10,672
8,10,3,4,673
14,7,3,8,674
13,3,3,9,675
6,2,9,5,676
12,7,5,6,677
12,4,2,3,678
1,3,10,8,679
8,14,8,6,680
10,9,4,11,681
6,10,3,9,682
13,11,8,6,683
4,11,5,6,684
12,2,2,8,685
1,4,7,7,686
13,7,9,6,687
2,7,2,6,688
12,14,9,11,689
15,2,2,3,690
14,6,2,3,691
12,8,4,10,692
11,2,9,8,693
3,4,4,5,694
6,9,4,10,695
14,7,8,7,696
4,12,2,10,697
10,2,9,5,698
11,6,3,6,699
15,3,8,11,700
13,1,6,2,701
5,11,9,11,702
10,8,3,8,703
1,2,9,10,704
1,9,9,11,705
5,12,9,11,706
11,14,6,2,707
11,8,4,8,708
4,9,8,11,709
4,8,9,7,710
1,3,2,3,711
13,2,2,11,712
14,4,4,7,713
2,15,10,11,714
7,4,8,2,613
5,13,8,11,614
4,5,3,5,615
7,14,5,8,616
13,2,3,2,617
10,13,4,9,618
4,15,4,3,619
6,11,5,8,620
13,1,6,3,621
2,11,10,2,622
