10,9,7,4,2347
14,2,4,7,2348
15,10,4,9,2349
2,8,8,8,2350
2,12,4,2,2351
2,9,3,3,2352
10,14,4,9,2353
10,3,3,7,2354
10,8,8,2,2355
1,3,4,2,2356
1,11,8,10,2357
12,6,5,10,2358
13,14,8,9,2359
1,7,7,6,2360
4,14,7,8,2361
14,3,8,6,2362
8,6,4,6,2363
4,6,10,9,2364
4,14,2,6,2365
11,8,8,9,2366
9,4,9,5,2367
5,9,6,11,2368
13,7,3,6,2369
3,11,7,7,2370
14,6,10,10,2371
11,9,5,5,2372
7,15,7,10,2373
5,1,7,3,2374
14,6,8,7,2375
12,7,4,7,2376
6,11,7,9,2377
10,15,3,5,2378
2,10,10,11,2379
1,12,5,7,2380
11,2,6,7,2381
13,8,7,10,2382
11,14,6,5,2383
9,12,2,8,2384
7,14,10,10,2385
9,7,5,5,2386
13,1,10,8,2387
2,10,7,5,2388
15,5,5,8,2389
13,9,2,3,2390
14,7,7,3,2391
13,2,3,4,2392
11,1,4,3,2393
7,12,3,4,2394
3,11,5,2,2395
14,13,8,7,2396
13,4,2,5,2397
6,8,3,10,2296
15,1,5,4,2297
13,7,2,3,2298
12,5,9,2,2299
1,7,8,7,2300
14,3,7,7,2301
9,5,2,5,2302
12,14,10,9,2303
6,14,3,2,2304
4,14,10,9,2305
