8,4,9,5,4336
13,11,6,3,4337
8,5,10,11,4338
2,15,10,6,4339
2,4,5,6,4340
9,13,3,3,4341
12,2,8,2,4342
11,5,7,11,4343
11,12,7,6,4344
14,4,3,6,4345
15,14,2,8,4346
6,15,4,3,4347
14,1,9,4,4348
15,3,10,3,4349
4,3,3,10,4350
3,14,9,7,4351
15,3,3,8,4352
3,12,8,9,4353
15,10,6,11,4354
8,9,9,5,4355
10,5,8,9,4356
3,13,4,4,4357
2,1,9,3,4358
7,11,8,2,4359
14,3,10,11,4360
10,6,2,5,4361
2,7,7,2,4362
11,12,7,7,4363
9,11,2,9,4364
9,5,2,7,4365
11,8,2,11,4366
6,1,7,11,4367
11,14,5,5,4368
3,15,5,9,4369
6,12,10,5,4370
10,4,6,10,4371
5,13,5,10,4372
5,13,10,6,4373
9,8,10,7,4374
15,5,9,10,4375
11,9,2,10,4376
14,2,2,11,4377
7,13,9,6,4378
2,1,4,6,4379
15,11,9,2,4380
2,10,9,8,4381
4,14,3,11,4382
8,1,10,7,4383
2,5,10,5,4384
6,13,9,5,4385
8,14,3,6,4386
8,9,3,8,4285
13,6,7,8,4286
10,9,9,2,4287
9,4,2,4,4288
15,11,4,6,4289
3,8,8,4,4290
4,10,10,11,4291
6,3,10,6,4292
3,10,6,8,4293
13,1,3,2,4294
