10,9,3,7,3265
11,3,2,10,3266
8,13,2,11,3267
7,1,6,8,3268
11,14,9,4,3269
15,2,8,10,3270
6,1,4,9,3271
12,7,4,11,3272
15,10,10,11,3273
7,2,8,9,3274
15,7,2,2,3275
5,8,8,2,3276
3,11,2,2,3277
12,9,8,4,3278
11,10,3,6,3279
6,1,9,2,3280
13,5,10,3,3281
8,9,10,9,3282
7,14,4,10,3283
13,7,2,11,3284
10,7,9,8,3285
14,5,2,11,3286
11,6,7,8,3287
15,5,7,7,3288
8,7,3,10,3289
15,13,5,6,3290
6,14,4,8,3291
8,2,5,8,3292
5,11,5,11,3293
10,3,10,10,3294
14,12,3,9,3295
15,12,9,4,3296
12,4,4,7,3297
2,12,9,5,3298
8,12,2,7,3299
15,5,5,10,3300
13,2,4,2,3301
6,8,3,10,3302
5,6,2,9,3303
14,12,8,11,3304
11,3,2,5,3305
13,15,3,4,3306
5,14,2,10,3307
6,9,5,10,3308
12,2,8,5,3309
3,13,10,8,3310
9,12,4,5,3311
10,9,9,4,3312
13,12,8,7,3313
7,15,9,10,3314
3,14,4,6,3315
11,12,2,8,3214
1,12,6,4,3215
3,6,8,11,3216
1,12,2,3,3217
5,13,7,5,3218
1,12,5,2,3219
6,3,3,11,3220
5,3,10,6,3221
15,2,5,7,3222
3,8,6,8,3223
