9,11,5,7,3061
4,1,7,8,3062
15,10,4,7,3063
12,4,5,7,3064
10,2,9,11,3065
10,12,8,4,3066
4,13,6,11,3067
5,12,3,9,3068
2,9,8,6,3069
13,1,9,8,3070
11,10,6,11,3071
1,8,4,2,3072
11,1,2,6,3073
4,3,9,8,3074
15,4,9,2,3075
15,14,7,10,3076
3,10,9,8,3077
1,11,9,8,3078
13,11,5,3,3079
5,1,6,11,3080
13,2,4,5,3081
5,6,6,8,3082
11,4,10,8,3083
3,7,3,9,3084
2,1,5,6,3085
14,10,6,4,3086
13,8,3,9,3087
10,11,10,10,3088
8,4,9,9,3089
13,7,7,7,3090
11,12,8,10,3091
4,7,3,11,3092
9,2,6,6,3093
7,5,5,3,3094
12,9,7,5,3095
7,3,3,6,3096
15,11,10,11,3097
7,10,8,8,3098
4,5,4,5,3099
4,14,5,11,3100
1,3,7,3,3101
2,7,7,7,3102
11,14,3,4,3103
13,3,3,9,3104
1,15,6,11,3105
9,7,5,3,3106
8,12,2,9,3107
9,6,2,2,3108
6,3,10,2,3109
4,10,7,3,3110
10,4,2,3,3111
9,1,6,2,3010
12,11,6,3,3011
8,2,9,3,3012
8,4,2,10,3013
3,11,8,4,3014
7,1,2,9,3015
9,15,6,11,3016
9,4,3,4,3017
13,7,6,2,3018
4,14,3,10,3019
