2,9,6,7,970
5,15,2,3,971
3,6,9,2,972
6,7,3,3,973
14,11,4,6,974
7,14,8,4,975
4,13,2,11,976
6,8,8,7,977
10,7,7,2,978
14,7,10,11,979
6,4,5,7,980
12,3,7,5,981
6,9,2,10,982
1,14,3,7,983
12,9,3,2,984
3,7,7,3,985
8,3,7,7,986
12,3,10,8,987
4,13,2,8,988
1,6,6,4,989
3,7,10,5,990
1,9,2,5,991
8,10,9,8,992
13,4,4,8,993
1,10,2,11,994
14,11,6,5,995
8,4,4,2,996
2,1,6,11,997
14,5,2,8,998
6,1,9,9,999
14,6,5,7,1000
13,15,8,6,1001
15,5,5,3,1002
11,2,7,10,1003
14,8,8,11,1004
1,2,9,5,1005
5,8,2,6,1006
2,11,6,8,1007
2,1,9,11,1008
2,12,7,7,1009
1,2,5,3,1010
5,11,5,5,1011
5,3,7,10,1012
6,5,10,3,1013
12,9,4,7,1014
2,13,7,8,1015
3,13,9,3,1016
9,8,6,11,1017
5,8,4,4,1018
4,2,8,10,1019
8,6,3,4,1020
9,3,2,6,919
15,9,5,4,920
7,6,10,10,921
4,5,3,4,922
6,7,9,9,923
13,2,9,8,924
9,12,3,5,925
1,8,10,3,926
7,8,10,8,927
3,12,5,8,928
