5,11,8,11,3826
5,7,6,6,3827
8,11,5,11,3828
11,12,6,9,3829
9,13,5,5,3830
15,1,5,8,3831
4,10,10,3,3832
5,1,5,8,3833
10,9,9,8,3834
1,10,9,2,3835
12,9,3,3,3836
3,15,8,3,3837
10,15,4,5,3838
10,15,4,10,3839
5,6,7,6,3840
7,4,5,10,3841
11,14,9,6,3842
10,15,9,8,3843
7,9,2,5,3844
12,3,10,3,3845
5,7,5,8,3846
3,7,9,3,3847
6,9,10,8,3848
9,14,7,8,3849
13,5,6,11,3850
13,15,3,2,3851
11,14,5,2,3852
3,9,4,5,3853
7,4,9,2,3854
4,5,8,9,3855
5,3,6,8,3856
2,14,2,2,3857
3,10,3,6,3858
8,6,9,3,3859
9,5,10,3,3860
7,11,8,9,3861
1,10,3,2,3862
15,9,9,10,3863
12,14,6,2,3864
2,8,2,8,3865
8,1,5,6,3866
15,12,2,4,3867
14,4,4,2,3868
3,9,3,9,3869
12,8,9,5,3870
1,7,7,4,3871
13,12,5,5,3872
10,7,6,6,3873
6,2,3,11,3874
11,4,8,9,3875
3,11,8,3,3876
6,9,6,7,3775
3,1,6,8,3776
14,4,3,6,3777
8,12,9,9,3778
8,15,4,7,3779
15,1,10,10,3780
10,6,2,11,3781
8,6,3,3,3782
3,9,6,5,3783
5,3,9,4,3784
