13,8,9,4,2041
12,10,6,10,2042
6,15,10,5,2043
14,13,7,4,2044
6,10,2,6,2045
10,9,10,10,2046
14,5,3,6,2047
5,6,2,5,2048
8,12,8,3,2049
15,9,3,2,2050
10,3,5,2,2051
7,3,10,7,2052
2,11,4,5,2053
3,8,3,11,2054
7,5,8,2,2055
12,3,7,3,2056
12,13,5,2,2057
12,1,5,6,2058
2,4,8,11,2059
1,4,5,8,2060
10,8,9,5,2061
4,6,2,7,2062
13,10,8,3,2063
1,7,3,10,2064
5,1,2,3,2065
10,6,2,9,2066
11,10,9,6,2067
13,8,9,7,2068
14,15,3,2,2069
9,8,6,10,2070
5,6,6,8,2071
9,7,7,11,2072
6,15,7,10,2073
8,14,9,2,2074
13,10,4,2,2075
5,10,5,3,2076
15,4,8,10,2077
2,11,6,6,2078
12,2,9,8,2079
6,12,10,3,2080
12,4,7,5,2081
10,5,7,9,2082
12,6,2,2,2083
10,8,2,5,2084
13,10,7,4,2085
7,15,9,4,2086
7,3,10,5,2087
12,14,7,8,2088
13,7,2,7,2089
12,10,9,7,2090
15,14,2,5,2091
6,15,4,8,1990
9,8,7,7,1991
1,8,9,6,1992
14,9,10,9,1993
7,1,9,4,1994
6,11,2,6,1995
9,13,7,7,1996
11,8,8,9,1997
15,7,10,3,1998
9,2,4,6,1999
