15,4,3,10,2092
5,7,7,8,2093
14,9,8,11,2094
9,7,4,9,2095
11,2,8,11,2096
15,2,8,4,2097
3,15,10,9,2098
14,1,10,10,2099
11,4,9,2,2100
15,3,2,2,2101
10,15,9,7,2102
8,9,9,2,2103
15,8,9,10,2104
12,13,5,7,2105
7,3,4,2,2106
6,1,5,8,2107
13,7,9,6,2108
9,10,8,11,2109
12,2,6,3,2110
11,15,6,5,2111
6,15,2,4,2112
3,1,5,5,2113
10,15,7,8,2114
9,15,6,5,2115
7,5,6,7,2116
6,2,6,6,2117
10,15,4,7,2118
11,9,10,7,2119
4,1,7,10,2120
14,15,8,10,2121
11,2,3,9,2122
15,6,2,6,2123
8,11,2,5,2124
7,12,2,9,2125
4,8,7,6,2126
13,11,7,8,2127
5,1,4,2,2128
5,15,5,6,2129
12,4,8,5,2130
6,3,2,3,2131
1,3,4,2,2132
3,5,7,3,2133
1,6,3,3,2134
5,6,6,7,2135
12,1,7,4,2136
14,1,4,2,2137
13,10,6,2,2138
11,6,6,7,2139
7,14,3,7,2140
7,5,9,10,2141
3,15,8,8,2142
1,10,6,9,2041
12,6,5,9,2042
12,1,4,3,2043
10,11,2,5,2044
7,14,2,4,2045
5,13,8,5,2046
6,9,5,11,2047
7,10,8,8,2048
8,12,2,9,2049
6,2,2,5,2050
