5,8,7,4,4591
4,2,7,8,4592
12,7,5,3,4593
13,14,10,7,4594
14,1,3,9,4595
2,11,2,5,4596
4,9,4,7,4597
10,14,3,6,4598
1,8,6,5,4599
9,15,3,3,4600
14,12,3,10,4601
8,2,6,7,4602
3,14,7,5,4603
7,4,5,8,4604
9,7,7,2,4605
1,15,8,10,4606
1,13,9,2,4607
13,6,4,11,4608
2,6,9,6,4609
1,5,8,7,4610
10,4,2,4,4611
9,13,6,3,4612
12,3,7,3,4613
4,11,3,7,4614
4,1,8,2,4615
12,2,9,8,4616
12,2,8,6,4617
9,1,5,5,4618
3,4,10,3,4619
12,5,7,4,4620
9,12,9,9,4621
10,15,10,7,4622
12,13,7,2,4623
8,3,6,7,4624
1,12,5,7,4625
10,7,3,10,4626
11,12,2,6,4627
9,1,8,4,4628
15,6,7,8,4629
6,14,10,9,4630
2,13,6,6,4631
10,7,10,9,4632
10,11,9,2,4633
10,12,9,7,4634
14,1,9,11,4635
1,8,6,11,4636
1,7,7,5,4637
6,15,4,8,4638
13,8,2,7,4639
4,9,9,3,4640
7,4,9,11,4641
2,14,3,10,4540
10,2,8,7,4541
13,9,5,10,4542
14,12,4,2,4543
13,10,3,11,4544
9,8,10,3,4545
14,8,5,11,4546
3,4,10,7,4547
12,15,5,2,4548
11,1,8,9,4549
