15,11,5,5,3673
4,8,2,3,3674
13,8,6,8,3675
9,3,6,8,3676
1,7,10,9,3677
4,9,8,3,3678
9,5,5,5,3679
8,11,4,8,3680
3,11,9,6,3681
1,14,3,6,3682
12,3,7,11,3683
1,8,8,9,3684
8,13,8,8,3685
10,4,5,4,3686
13,4,10,2,3687
10,14,8,2,3688
15,8,4,5,3689
14,4,8,7,3690
10,4,4,8,3691
6,3,10,5,3692
10,5,6,8,3693
10,13,2,7,3694
2,10,6,11,3695
6,15,5,11,3696
11,14,7,8,3697
15,12,8,9,3698
3,10,6,10,3699
9,6,9,2,3700
3,13,6,3,3701
6,8,6,6,3702
12,8,10,7,3703
4,2,6,2,3704
2,3,2,2,3705
1,13,9,11,3706
5,4,7,4,3707
8,3,3,7,3708
11,12,9,9,3709
10,9,7,4,3710
12,15,3,3,3711
4,2,7,4,3712
14,12,2,2,3713
12,9,8,11,3714
5,10,9,11,3715
8,10,4,9,3716
10,9,2,5,3717
14,12,10,10,3718
15,5,3,4,3719
5,6,5,11,3720
2,5,5,5,3721
14,11,3,5,3722
11,4,7,6,3723
2,6,9,2,3622
3,6,2,9,3623
15,5,10,6,3624
15,8,10,6,3625
1,4,5,8,3626
8,5,5,6,3627
15,9,10,5,3628
10,15,10,6,3629
3,4,7,3,3630
12,3,5,4,3631
