3,8,9,11,1276
9,14,7,9,1277
13,10,10,5,1278
14,6,4,2,1279
9,6,3,6,1280
1,13,5,9,1281
9,5,5,10,1282
2,11,2,5,1283
15,8,9,2,1284
1,13,4,6,1285
1,6,9,4,1286
15,7,9,10,1287
1,7,9,4,1288
3,6,8,7,1289
14,13,7,9,1290
12,4,4,3,1291
2,10,3,7,1292
2,11,9,2,1293
14,3,3,4,1294
3,2,6,9,1295
10,15,8,9,1296
15,3,10,6,1297
5,15,6,4,1298
4,2,6,7,1299
14,11,5,10,1300
10,5,5,6,1301
12,4,8,11,1302
10,9,5,9,1303
15,5,9,10,1304
1,10,2,4,1305
7,10,10,9,1306
7,5,2,10,1307
3,14,4,11,1308
6,9,3,10,1309
1,10,8,6,1310
6,5,2,6,1311
12,14,7,9,1312
8,14,3,5,1313
3,4,10,5,1314
11,4,4,8,1315
6,2,4,2,1316
14,7,8,8,1317
1,14,2,3,1318
15,2,3,11,1319
1,10,4,4,1320
8,2,5,2,1321
8,5,10,7,1322
1,6,10,6,1323
12,6,6,6,1324
11,12,5,2,1325
12,9,7,5,1326
13,3,9,6,1225
12,14,10,8,1226
15,4,5,5,1227
15,2,3,5,1228
10,13,8,4,1229
13,9,6,10,1230
14,5,9,3,1231
8,10,8,9,1232
3,14,7,5,1233
7,10,7,9,1234
