1,10,10,2,4387
3,6,9,7,4388
6,5,5,7,4389
9,8,3,5,4390
15,6,5,7,4391
1,13,7,9,4392
12,13,9,4,4393
5,1,3,2,4394
4,10,9,5,4395
13,12,2,7,4396
8,14,9,6,4397
13,11,8,2,4398
15,2,7,2,4399
3,4,9,8,4400
1,10,8,5,4401
2,15,3,7,4402
11,15,9,6,4403
12,9,8,3,4404
3,10,10,10,4405
6,14,3,4,4406
2,5,6,3,4407
13,10,9,6,4408
14,2,3,8,4409
3,13,9,6,4410
10,14,6,3,4411
2,6,7,7,4412
11,13,3,2,4413
4,6,9,10,4414
9,12,5,4,4415
9,12,6,9,4416
6,13,7,2,4417
12,1,3,11,4418
7,5,7,5,4419
6,13,8,4,4420
1,8,9,5,4421
3,15,6,4,4422
4,13,3,9,4423
5,15,9,7,4424
4,13,2,5,4425
11,12,6,11,4426
6,11,7,5,4427
6,9,9,2,4428
12,1,8,11,4429
1,4,5,11,4430
10,9,10,5,4431
14,11,8,3,4432
6,3,3,4,4433
15,7,4,6,4434
7,5,4,11,4435
5,3,10,8,4436
7,10,4,2,4437
1,15,3,9,4336
14,1,4,9,4337
4,6,2,7,4338
9,4,6,9,4339
13,4,5,4,4340
7,6,2,11,4341
3,9,9,7,4342
4,11,2,4,4343
11,13,5,7,4344
14,5,2,7,4345
