10,5,6,7,3469
13,12,5,11,3470
8,7,9,2,3471
14,6,8,10,3472
6,3,10,2,3473
8,9,8,2,3474
9,7,8,4,3475
15,10,6,7,3476
10,15,10,7,3477
10,8,9,5,3478
3,11,7,8,3479
10,5,6,3,3480
2,7,8,10,3481
11,12,7,9,3482
13,2,5,8,3483
13,14,7,7,3484
5,4,8,7,3485
14,3,4,6,3486
5,7,5,3,3487
9,8,7,4,3488
3,13,7,2,3489
13,7,6,2,3490
8,5,10,8,3491
11,1,5,7,3492
8,1,8,2,3493
1,9,4,7,3494
12,13,5,8,3495
12,6,5,5,3496
8,14,9,6,3497
12,3,4,6,3498
5,6,2,9,3499
14,9,7,5,3500
7,1,3,3,3501
12,10,9,10,3502
10,13,8,7,3503
13,6,2,11,3504
5,4,3,7,3505
2,9,8,7,3506
15,6,2,8,3507
13,12,10,3,3508
6,10,9,2,3509
3,2,3,5,3510
3,7,8,6,3511
15,3,2,10,3512
9,11,7,8,3513
6,7,5,5,3514
5,13,9,4,3515
3,15,7,8,3516
7,3,3,11,3517
9,8,2,10,3518
5,7,7,2,3519
15,8,5,2,3418
4,14,9,11,3419
8,14,5,7,3420
10,5,9,10,3421
13,9,6,8,3422
7,3,6,6,3423
7,6,3,2,3424
2,13,9,11,3425
11,15,3,4,3426
2,7,4,8,3427
