7,4,7,2,613
5,13,5,11,614
4,5,7,5,615
7,14,4,8,616
13,2,8,2,617
10,13,2,9,618
4,15,10,3,619
6,11,7,8,620
13,1,10,3,621
2,11,8,2,622
14,7,6,3,623
11,10,2,5,624
13,15,3,9,625
12,13,3,6,626
12,9,9,7,627
11,2,3,11,628
1,7,10,2,629
14,8,2,6,630
11,6,3,5,631
13,4,3,9,632
4,2,7,10,633
13,3,10,11,634
1,14,5,8,635
11,4,9,11,636
8,2,7,7,637
11,14,7,9,638
7,11,6,3,639
2,3,9,8,640
12,8,6,4,641
15,13,3,8,642
10,12,6,10,643
15,14,7,5,644
6,14,7,8,645
11,3,8,5,646
14,9,2,6,647
2,8,6,3,648
2,9,6,10,649
14,2,8,4,650
12,5,9,6,651
3,15,8,8,652
13,3,9,10,653
3,15,6,4,654
7,3,5,3,655
11,9,8,8,656
8,3,10,7,657
9,4,8,6,658
12,7,8,3,659
1,13,6,7,660
1,15,8,2,661
4,12,6,6,662
3,4,4,5,663
9,11,5,2,562
7,2,7,3,563
8,11,8,6,564
7,3,9,3,565
6,8,7,9,566
8,11,2,11,567
2,15,9,9,568
5,6,5,6,569
15,9,7,3,570
2,9,3,5,571
