5,1,4,3,1735
15,4,7,7,1736
5,14,4,7,1737
2,8,10,7,1738
11,8,3,5,1739
5,7,4,3,1740
10,11,8,8,1741
3,12,8,9,1742
7,13,7,2,1743
5,11,2,11,1744
8,6,2,3,1745
9,3,3,4,1746
13,11,2,6,1747
1,8,8,7,1748
3,1,5,4,1749
6,1,4,8,1750
4,15,10,7,1751
4,2,7,10,1752
15,4,6,6,1753
9,7,8,10,1754
4,5,8,3,1755
15,3,4,3,1756
2,12,8,8,1757
5,6,6,11,1758
10,7,9,7,1759
11,4,2,4,1760
7,5,7,8,1761
12,11,9,9,1762
4,13,9,3,1763
9,12,10,4,1764
1,7,7,5,1765
6,9,7,8,1766
3,1,8,3,1767
10,12,10,8,1768
4,13,7,3,1769
14,15,5,5,1770
10,7,2,8,1771
7,4,5,10,1772
10,11,3,6,1773
10,15,6,11,1774
3,8,2,4,1775
11,5,8,7,1776
15,13,4,7,1777
14,11,10,8,1778
14,2,10,8,1779
3,1,10,5,1780
10,3,9,8,1781
7,6,9,9,1782
11,2,9,8,1783
10,4,6,7,1784
1,3,3,6,1785
11,9,8,4,1684
13,14,9,8,1685
6,10,4,3,1686
7,5,4,8,1687
10,2,6,6,1688
13,14,6,9,1689
12,9,4,11,1690
9,11,4,6,1691
15,14,7,11,1692
3,14,6,11,1693
