4,11,10,3,307
7,12,3,7,308
15,9,5,3,309
5,8,8,4,310
4,9,2,4,311
5,4,6,9,312
6,13,8,10,313
5,8,5,3,314
4,15,5,7,315
2,13,2,2,316
12,9,5,5,317
8,2,9,8,318
12,11,10,8,319
12,4,5,11,320
9,7,5,10,321
12,15,6,8,322
13,8,10,11,323
14,1,7,10,324
13,2,8,11,325
4,7,6,4,326
1,7,4,2,327
3,11,5,5,328
8,6,4,4,329
11,8,5,3,330
5,12,5,4,331
13,2,4,3,332
12,4,5,6,333
2,6,4,11,334
12,11,9,4,335
9,14,5,6,336
10,12,9,5,337
3,2,3,8,338
7,6,3,8,339
2,12,8,4,340
11,6,7,11,341
8,9,7,8,342
15,4,10,2,343
10,1,10,10,344
12,10,2,4,345
5,10,6,8,346
14,10,9,10,347
10,9,8,10,348
7,6,4,10,349
8,7,2,3,350
3,13,3,2,351
7,14,5,4,352
3,4,4,5,353
10,5,9,8,354
5,4,3,4,355
7,9,10,10,356
5,1,3,2,357
12,13,6,7,256
8,3,7,9,257
2,5,3,8,258
13,2,6,6,259
13,1,7,6,260
11,7,2,7,261
1,11,9,9,262
8,12,10,9,263
10,4,6,3,264
11,1,3,11,265
