8,6,7,3,2857
7,8,2,3,2858
13,1,6,9,2859
12,13,3,4,2860
7,10,5,8,2861
11,15,6,3,2862
1,5,5,6,2863
7,15,6,5,2864
6,5,3,3,2865
14,9,2,5,2866
12,6,7,7,2867
10,11,6,7,2868
15,3,8,5,2869
7,14,10,3,2870
2,3,2,11,2871
12,9,8,3,2872
5,10,2,2,2873
7,4,10,11,2874
4,7,9,11,2875
7,5,7,8,2876
5,13,5,11,2877
13,9,4,8,2878
7,12,8,7,2879
7,2,4,10,2880
10,5,9,9,2881
3,5,7,7,2882
6,4,9,11,2883
15,4,10,3,2884
14,9,2,2,2885
10,4,9,2,2886
15,12,6,7,2887
15,12,2,11,2888
14,12,6,11,2889
7,4,5,6,2890
11,2,7,8,2891
13,12,6,9,2892
8,15,8,6,2893
7,15,10,5,2894
13,15,6,7,2895
11,13,10,4,2896
13,6,2,7,2897
3,12,3,9,2898
15,6,3,11,2899
10,7,8,8,2900
3,2,2,9,2901
4,5,3,4,2902
13,14,6,11,2903
15,7,4,7,2904
7,14,9,7,2905
12,4,8,5,2906
1,14,8,11,2907
13,14,5,4,2806
15,9,7,2,2807
14,7,5,4,2808
10,2,6,9,2809
12,5,9,4,2810
14,7,6,7,2811
8,10,6,5,2812
6,1,7,2,2813
11,10,7,10,2814
12,1,6,11,2815
