5,12,9,7,4948
10,6,2,2,4949
13,4,3,8,4950
14,9,6,6,4951
9,10,10,10,4952
9,10,10,3,4953
2,7,7,3,4954
8,11,4,9,4955
8,7,7,5,4956
14,12,6,11,4957
9,12,9,11,4958
11,12,5,10,4959
7,13,8,3,4960
11,2,9,8,4961
15,1,2,4,4962
7,2,6,9,4963
9,1,2,4,4964
11,6,7,3,4965
7,11,5,5,4966
9,1,7,10,4967
15,5,4,6,4968
14,5,8,3,4969
11,14,4,8,4970
7,9,5,10,4971
1,7,4,3,4972
1,6,8,2,4973
12,8,4,3,4974
13,11,4,2,4975
8,3,6,9,4976
10,11,2,8,4977
11,8,8,7,4978
1,3,7,5,4979
2,1,8,4,4980
3,5,9,10,4981
15,12,3,2,4982
10,7,5,11,4983
8,9,10,4,4984
15,8,8,9,4985
15,5,9,3,4986
14,5,3,11,4987
15,9,9,3,4988
5,13,10,6,4989
7,12,6,5,4990
10,1,3,7,4991
14,9,5,7,4992
2,7,8,3,4993
15,10,10,11,4994
9,2,6,6,4995
6,1,9,8,4996
4,6,5,10,4997
1,13,7,6,4998
7,13,5,9,4897
10,6,5,2,4898
5,11,7,11,4899
14,3,5,8,4900
5,11,5,10,4901
13,7,6,4,4902
14,2,7,9,4903
9,2,2,9,4904
2,12,3,5,4905
3,6,10,2,4906
