9,2,10,7,1378
6,7,6,5,1379
13,9,4,9,1380
12,10,8,8,1381
3,11,7,8,1382
13,10,5,9,1383
3,6,8,10,1384
8,3,2,2,1385
7,4,9,11,1386
4,7,10,6,1387
13,3,2,4,1388
4,6,4,5,1389
12,2,7,7,1390
7,15,6,11,1391
4,12,6,8,1392
1,7,4,6,1393
3,7,7,5,1394
14,2,10,11,1395
1,2,7,5,1396
14,11,10,4,1397
11,8,8,11,1398
11,14,9,4,1399
6,5,6,2,1400
3,1,5,11,1401
4,6,2,3,1402
3,10,4,9,1403
11,5,9,9,1404
9,3,5,4,1405
10,12,6,10,1406
5,11,2,7,1407
5,15,4,7,1408
6,5,3,6,1409
13,3,3,11,1410
12,8,3,2,1411
11,3,6,5,1412
7,10,10,7,1413
3,4,7,7,1414
8,4,2,10,1415
3,12,5,10,1416
5,9,6,8,1417
5,15,9,6,1418
2,11,5,8,1419
11,12,3,9,1420
10,2,10,10,1421
9,5,8,9,1422
9,11,2,5,1423
2,11,4,6,1424
11,5,9,10,1425
4,14,9,7,1426
10,15,2,2,1427
2,10,6,11,1428
9,8,5,4,1327
7,8,6,2,1328
14,1,10,10,1329
1,10,4,7,1330
3,7,7,5,1331
14,12,4,11,1332
7,14,9,9,1333
1,11,8,11,1334
12,3,5,9,1335
9,1,5,2,1336
