6,3,3,9,1021
1,8,3,9,1022
11,2,8,9,1023
11,14,10,4,1024
15,13,9,2,1025
3,15,9,9,1026
6,10,8,6,1027
5,2,10,6,1028
1,4,2,2,1029
12,2,8,9,1030
6,2,10,8,1031
5,2,3,11,1032
2,8,6,11,1033
4,8,7,6,1034
15,4,9,7,1035
3,11,2,2,1036
6,11,3,4,1037
8,13,5,2,1038
9,3,5,10,1039
4,7,2,10,1040
15,12,10,7,1041
3,4,10,10,1042
10,5,4,8,1043
15,8,4,8,1044
9,12,2,10,1045
5,1,4,7,1046
4,13,4,11,1047
8,4,2,7,1048
15,12,2,7,1049
8,5,10,11,1050
7,5,7,10,1051
15,6,7,2,1052
8,7,8,3,1053
9,7,8,5,1054
8,12,2,10,1055
15,7,10,6,1056
14,2,8,6,1057
5,6,4,11,1058
9,6,4,7,1059
14,11,6,8,1060
5,6,8,10,1061
13,9,3,7,1062
4,2,3,3,1063
13,1,9,8,1064
4,11,9,11,1065
8,12,5,4,1066
15,13,7,10,1067
3,4,2,4,1068
13,3,9,10,1069
5,4,5,6,1070
3,1,9,6,1071
8,3,9,6,970
4,2,9,11,971
1,6,8,3,972
15,14,7,3,973
6,4,7,10,974
7,9,2,8,975
4,5,3,11,976
10,9,7,11,977
6,1,3,5,978
12,11,9,4,979
