11,9,7,11,154
14,15,5,8,155
8,14,10,2,156
14,9,6,11,157
9,13,3,4,158
7,10,3,11,159
9,3,5,6,160
15,9,10,6,161
12,1,7,4,162
8,6,7,6,163
15,6,6,5,164
15,7,2,7,165
10,7,3,2,166
8,5,3,11,167
8,7,5,3,168
11,2,9,4,169
15,8,9,4,170
7,12,2,11,171
10,7,2,6,172
9,13,2,9,173
14,2,2,8,174
10,4,7,10,175
8,11,6,4,176
10,3,6,2,177
9,1,3,3,178
9,12,6,4,179
13,5,4,2,180
15,8,6,10,181
11,12,3,7,182
5,11,6,9,183
5,4,3,7,184
15,12,8,3,185
2,4,8,11,186
15,7,5,11,187
13,14,10,4,188
2,9,3,6,189
13,1,10,11,190
9,6,3,7,191
15,12,3,7,192
4,11,8,9,193
10,9,2,5,194
14,15,4,10,195
6,14,2,10,196
5,9,7,9,197
1,15,6,2,198
1,6,4,2,199
6,14,6,11,200
4,13,4,11,201
10,7,7,9,202
5,13,3,8,203
14,8,10,3,204
8,2,8,4,103
3,4,4,7,104
6,4,10,9,105
4,6,5,11,106
9,10,7,8,107
5,2,10,3,108
5,10,2,11,109
12,3,6,2,110
2,9,3,6,111
2,3,3,3,112
