15,5,10,9,1786
9,5,6,8,1787
7,2,5,5,1788
10,12,4,2,1789
4,7,7,11,1790
1,3,10,2,1791
4,12,3,3,1792
10,11,7,3,1793
6,12,6,9,1794
7,2,4,5,1795
4,1,4,11,1796
3,10,7,10,1797
8,14,10,2,1798
1,8,3,2,1799
15,2,6,11,1800
12,13,9,2,1801
6,5,10,3,1802
1,13,10,9,1803
1,14,6,8,1804
5,14,10,7,1805
2,9,8,11,1806
7,11,2,3,1807
3,4,8,3,1808
1,4,4,6,1809
15,3,4,4,1810
6,5,10,2,1811
11,3,6,7,1812
11,9,6,2,1813
13,4,5,5,1814
10,15,10,11,1815
14,4,10,3,1816
5,9,2,5,1817
15,14,5,4,1818
8,2,8,7,1819
13,11,3,9,1820
8,3,8,7,1821
3,14,2,3,1822
4,6,10,10,1823
14,11,7,9,1824
12,15,8,10,1825
15,12,10,4,1826
14,12,5,4,1827
11,13,9,6,1828
12,14,2,4,1829
13,12,8,2,1830
9,2,5,6,1831
14,4,7,2,1832
10,4,3,6,1833
5,10,8,4,1834
5,10,9,3,1835
4,11,10,3,1836
12,15,9,4,1735
5,6,8,2,1736
13,9,10,4,1737
1,11,9,3,1738
11,13,10,5,1739
13,10,6,2,1740
15,13,6,2,1741
9,2,10,11,1742
7,5,7,8,1743
8,15,2,6,1744
