14,12,6,11,4081
4,6,3,4,4082
11,15,4,3,4083
10,1,5,8,4084
11,1,9,2,4085
11,8,9,11,4086
10,13,5,4,4087
8,14,10,7,4088
11,4,2,7,4089
10,8,3,4,4090
1,4,9,2,4091
13,12,10,2,4092
2,15,2,3,4093
5,3,6,11,4094
15,3,4,9,4095
12,5,2,8,4096
11,14,9,3,4097
10,9,6,3,4098
3,10,6,9,4099
6,11,9,5,4100
3,14,9,10,4101
1,12,7,9,4102
5,11,9,6,4103
6,11,10,8,4104
12,7,6,9,4105
3,4,8,5,4106
1,13,10,10,4107
11,6,9,5,4108
15,13,8,7,4109
4,12,9,10,4110
4,7,5,3,4111
11,3,10,8,4112
12,14,7,8,4113
10,6,3,9,4114
9,12,2,4,4115
9,8,3,4,4116
1,5,2,10,4117
4,8,8,2,4118
13,7,10,10,4119
11,7,9,8,4120
10,7,9,7,4121
14,10,8,5,4122
12,6,8,9,4123
1,14,5,6,4124
12,7,5,3,4125
5,3,10,2,4126
13,6,10,10,4127
1,7,2,5,4128
9,6,9,11,4129
11,7,5,8,4130
15,13,9,9,4131
6,4,10,2,4030
14,11,3,5,4031
12,6,2,7,4032
12,14,6,3,4033
1,8,2,3,4034
4,11,2,3,4035
4,10,4,8,4036
6,8,9,6,4037
2,10,4,10,4038
11,5,5,5,4039
