12,13,10,7,256
8,3,6,9,257
2,5,4,8,258
13,2,2,6,259
13,1,2,6,260
11,7,5,7,261
1,11,6,9,262
8,12,5,9,263
10,4,10,3,264
11,1,8,11,265
10,5,7,6,266
7,6,8,8,267
12,13,6,8,268
1,8,10,3,269
12,7,10,8,270
8,14,3,2,271
6,8,9,6,272
12,3,2,5,273
2,14,9,3,274
3,15,10,2,275
15,3,10,3,276
3,10,10,10,277
10,8,6,8,278
14,11,2,5,279
13,4,9,2,280
9,7,6,7,281
5,12,4,5,282
12,2,8,3,283
3,6,5,9,284
8,2,5,11,285
10,7,8,4,286
2,13,7,7,287
10,12,9,11,288
10,4,5,7,289
5,10,10,2,290
14,13,6,8,291
15,12,7,2,292
14,3,2,11,293
15,4,4,6,294
10,13,10,7,295
10,11,6,3,296
12,1,3,9,297
14,8,4,7,298
15,11,9,7,299
12,9,3,10,300
13,2,9,7,301
1,5,3,9,302
14,4,10,10,303
15,11,3,4,304
12,3,2,11,305
8,2,5,11,306
7,15,9,8,205
9,5,2,7,206
1,15,7,3,207
8,12,5,10,208
3,12,7,8,209
1,9,2,7,210
7,6,4,7,211
3,13,2,4,212
2,4,4,5,213
4,13,5,5,214
