12,6,3,6,3571
6,12,4,7,3572
12,8,6,9,3573
3,2,3,8,3574
15,12,2,2,3575
15,11,8,3,3576
1,8,2,8,3577
13,6,4,11,3578
9,8,10,7,3579
4,5,3,8,3580
7,6,3,3,3581
2,14,5,6,3582
5,7,4,8,3583
1,5,3,4,3584
11,7,4,11,3585
6,7,5,3,3586
4,11,3,9,3587
1,8,6,9,3588
6,4,3,10,3589
15,13,8,3,3590
3,9,4,3,3591
7,12,10,2,3592
6,13,8,10,3593
3,15,10,7,3594
8,9,10,2,3595
15,14,5,7,3596
3,11,9,3,3597
12,8,5,2,3598
15,3,10,7,3599
14,8,9,8,3600
15,12,8,3,3601
7,6,4,6,3602
15,6,4,3,3603
15,9,9,8,3604
7,13,3,5,3605
3,5,5,9,3606
8,3,5,2,3607
5,14,8,4,3608
13,9,5,6,3609
4,5,2,7,3610
14,6,10,7,3611
15,14,8,8,3612
10,2,2,5,3613
14,3,6,10,3614
15,6,9,9,3615
15,6,9,6,3616
6,14,2,7,3617
1,2,8,2,3618
10,8,7,5,3619
9,7,8,6,3620
2,4,6,9,3621
5,7,4,10,3520
10,4,6,6,3521
2,14,7,7,3522
5,1,8,5,3523
12,4,2,7,3524
13,3,5,10,3525
6,3,10,6,3526
7,14,9,7,3527
10,5,2,9,3528
6,13,6,4,3529
