15,8,4,2,3418
4,14,6,11,3419
8,14,9,7,3420
10,5,2,10,3421
13,9,9,8,3422
7,3,5,6,3423
7,6,2,2,3424
2,13,8,11,3425
11,15,9,4,3426
2,7,10,8,3427
13,6,8,3,3428
11,8,6,7,3429
4,8,6,4,3430
4,6,8,2,3431
9,1,2,11,3432
2,1,6,5,3433
11,1,2,11,3434
13,2,10,2,3435
15,9,6,11,3436
7,6,5,5,3437
14,10,9,8,3438
3,2,10,3,3439
13,4,10,3,3440
7,10,4,3,3441
13,15,9,6,3442
6,8,6,10,3443
14,15,3,8,3444
3,2,6,6,3445
4,15,6,6,3446
13,8,8,2,3447
2,3,4,9,3448
1,12,8,5,3449
7,10,9,10,3450
7,15,2,3,3451
7,14,7,8,3452
4,6,2,9,3453
14,6,6,5,3454
10,12,8,9,3455
13,2,3,8,3456
11,7,10,6,3457
2,1,10,4,3458
12,3,4,3,3459
15,7,2,10,3460
9,12,4,8,3461
3,4,10,3,3462
9,14,2,2,3463
8,10,6,8,3464
4,15,10,10,3465
15,8,7,6,3466
6,5,9,11,3467
10,5,10,5,3468
5,10,3,7,3367
8,13,9,11,3368
11,4,6,3,3369
15,8,8,6,3370
15,3,9,6,3371
7,10,10,9,3372
4,12,4,6,3373
7,2,7,11,3374
11,12,5,8,3375
15,14,10,4,3376
