8,11,6,9,817
7,14,2,11,818
3,9,10,5,819
11,10,8,9,820
3,10,9,11,821
3,13,4,9,822
11,9,7,10,823
13,12,7,11,824
2,11,3,6,825
2,4,4,8,826
11,1,7,2,827
14,9,6,6,828
10,8,2,10,829
14,13,7,2,830
11,2,10,6,831
15,2,3,6,832
4,9,7,10,833
3,1,2,10,834
6,8,8,8,835
10,13,8,3,836
3,13,7,9,837
2,12,6,6,838
3,13,5,3,839
15,5,2,5,840
6,3,4,2,841
12,11,6,8,842
12,7,7,8,843
1,14,2,10,844
7,8,9,6,845
12,15,8,5,846
12,8,2,6,847
12,1,7,10,848
3,15,10,4,849
4,3,10,8,850
2,5,7,4,851
5,14,4,11,852
7,3,3,2,853
13,12,10,9,854
1,13,6,9,855
10,4,9,9,856
15,5,4,6,857
1,3,9,7,858
8,2,6,6,859
13,15,10,7,860
9,8,5,9,861
7,5,4,4,862
11,5,8,8,863
2,5,4,10,864
9,10,6,6,865
1,2,8,6,866
11,7,9,7,867
10,6,5,9,766
9,3,8,5,767
15,4,4,8,768
3,12,5,2,769
2,3,2,3,770
11,1,4,3,771
2,7,3,6,772
4,10,9,2,773
7,14,9,7,774
10,15,4,11,775
