11,1,10,3,2653
6,5,6,6,2654
11,12,5,3,2655
14,2,9,10,2656
5,1,10,9,2657
1,8,9,11,2658
9,12,10,2,2659
1,12,9,7,2660
13,2,7,11,2661
15,10,7,11,2662
8,9,2,5,2663
5,9,4,4,2664
12,10,9,7,2665
2,11,8,11,2666
4,11,10,2,2667
6,1,8,7,2668
12,5,9,5,2669
6,5,9,5,2670
4,8,9,7,2671
5,1,2,5,2672
11,15,5,3,2673
11,3,9,6,2674
10,6,9,10,2675
2,1,7,3,2676
7,14,6,6,2677
11,14,2,10,2678
13,15,6,4,2679
1,7,4,11,2680
14,2,7,11,2681
3,8,5,7,2682
4,7,7,11,2683
15,14,9,4,2684
11,12,7,11,2685
1,8,9,9,2686
7,3,8,7,2687
1,12,6,2,2688
5,4,5,4,2689
1,9,3,7,2690
13,7,5,11,2691
9,13,2,6,2692
7,12,7,2,2693
7,11,2,7,2694
6,12,8,7,2695
9,15,8,9,2696
6,2,9,3,2697
12,13,2,11,2698
8,14,6,5,2699
9,8,8,2,2700
9,4,7,11,2701
7,6,8,3,2702
3,1,4,11,2703
12,9,9,3,2602
5,8,6,8,2603
5,4,5,3,2604
14,9,8,11,2605
10,12,3,9,2606
8,15,8,3,2607
5,7,3,9,2608
4,15,4,10,2609
12,7,3,9,2610
10,15,5,4,2611
