2,5,10,5,460
5,7,6,11,461
14,4,4,9,462
9,8,3,4,463
13,15,4,5,464
14,8,3,6,465
3,8,10,10,466
12,6,9,5,467
13,4,10,6,468
2,13,10,8,469
12,8,6,9,470
4,6,5,9,471
7,6,8,5,472
4,15,4,2,473
10,7,9,6,474
4,6,5,3,475
8,1,3,9,476
6,14,5,6,477
14,8,7,11,478
1,11,3,8,479
2,13,3,7,480
7,9,6,2,481
13,6,4,5,482
9,3,7,2,483
7,15,8,8,484
15,3,8,3,485
8,12,9,5,486
9,8,3,3,487
4,1,5,7,488
10,1,4,2,489
14,4,3,5,490
3,6,8,4,491
6,1,8,6,492
14,12,7,11,493
6,3,8,9,494
6,14,7,8,495
5,12,9,11,496
6,8,9,8,497
1,2,5,11,498
13,5,9,7,499
4,14,7,7,500
15,5,8,7,501
15,5,8,2,502
1,13,10,4,503
14,1,9,3,504
13,11,4,3,505
2,4,9,10,506
3,15,10,10,507
3,7,5,8,508
8,7,7,8,509
15,10,6,2,510
8,10,8,9,409
12,1,4,8,410
1,7,6,3,411
15,10,5,11,412
10,8,2,8,413
13,12,4,4,414
10,14,2,11,415
9,3,4,6,416
13,10,8,11,417
5,3,5,11,418
