10,4,3,10,5050
11,13,9,5,5051
11,15,7,2,5052
14,6,4,2,5053
15,14,5,11,5054
7,3,7,9,5055
3,5,2,9,5056
6,15,3,11,5057
13,15,5,11,5058
3,15,10,5,5059
13,10,9,7,5060
5,7,3,11,5061
7,3,5,7,5062
3,4,3,8,5063
13,7,9,5,5064
12,1,4,9,5065
4,1,4,4,5066
5,14,7,2,5067
13,5,2,2,5068
9,13,9,10,5069
1,2,2,4,5070
6,15,10,6,5071
15,12,4,2,5072
13,1,9,8,5073
6,12,5,4,5074
8,15,2,8,5075
8,3,7,11,5076
4,11,10,8,5077
10,8,9,9,5078
9,1,8,9,5079
4,15,10,8,5080
6,11,9,7,5081
13,12,5,6,5082
4,3,2,6,5083
8,12,7,11,5084
4,5,4,4,5085
8,5,5,5,5086
9,1,4,4,5087
14,10,4,3,5088
4,14,4,8,5089
8,6,6,9,5090
6,14,9,6,5091
5,15,4,7,5092
11,3,7,6,5093
8,15,8,10,5094
13,4,4,4,5095
1,9,8,4,5096
6,5,5,2,5097
7,9,6,6,5098
10,2,6,5,5099
2,4,8,7,5100
13,2,7,2,4999
13,4,4,7,5000
15,8,3,7,5001
15,13,8,7,5002
4,11,9,4,5003
8,2,3,2,5004
11,8,4,10,5005
11,7,7,7,5006
7,14,6,2,5007
5,11,3,6,5008
