12,4,7,9,4744
3,12,3,2,4745
7,2,4,7,4746
15,1,6,5,4747
4,13,3,8,4748
14,10,3,6,4749
5,2,9,4,4750
3,6,7,3,4751
7,6,6,10,4752
1,4,4,5,4753
11,7,2,7,4754
12,3,7,5,4755
7,1,10,6,4756
10,9,9,9,4757
4,6,8,5,4758
4,6,3,5,4759
15,14,7,3,4760
3,2,5,11,4761
10,2,2,9,4762
8,1,10,4,4763
2,3,2,7,4764
12,2,7,5,4765
3,2,3,10,4766
10,8,2,5,4767
3,14,3,4,4768
8,9,3,6,4769
5,1,10,9,4770
6,2,2,4,4771
11,13,9,4,4772
12,15,8,9,4773
10,1,10,6,4774
2,1,3,10,4775
14,12,6,4,4776
2,10,8,8,4777
8,3,6,9,4778
2,10,8,7,4779
9,8,7,8,4780
9,15,6,7,4781
13,11,8,6,4782
13,10,6,3,4783
10,4,5,10,4784
6,13,7,10,4785
7,15,7,11,4786
9,7,10,10,4787
6,7,6,6,4788
11,12,8,5,4789
12,10,10,2,4790
13,11,10,3,4791
10,9,5,11,4792
13,5,9,2,4793
1,13,6,9,4794
12,9,10,10,4693
11,14,9,3,4694
2,14,5,2,4695
15,10,9,7,4696
2,6,10,11,4697
9,3,5,4,4698
15,1,6,2,4699
3,1,6,2,4700
6,14,3,5,4701
3,15,4,6,4702
