2,1,4,5,103
9,5,2,9,104
5,14,6,3,105
8,13,7,4,106
1,11,2,6,107
14,12,8,2,108
15,3,4,8,109
8,5,9,10,110
5,7,8,5,111
8,4,3,5,112
1,8,4,4,113
10,5,7,3,114
1,4,2,2,115
10,8,6,6,116
12,13,8,4,117
10,1,9,2,118
14,7,6,3,119
15,5,9,4,120
13,1,8,7,121
13,14,6,7,122
1,3,7,2,123
11,1,10,10,124
11,6,9,10,125
12,10,6,2,126
4,9,10,6,127
14,1,8,2,128
7,14,7,10,129
13,3,3,7,130
1,3,8,10,131
14,1,6,2,132
9,6,2,11,133
7,6,8,2,134
12,14,3,2,135
5,6,2,11,136
7,6,10,9,137
12,14,5,7,138
12,9,10,10,139
7,15,6,3,140
3,12,4,3,141
3,7,2,7,142
5,1,3,8,143
1,15,7,3,144
7,6,6,6,145
7,5,3,7,146
1,4,9,10,147
11,15,8,10,148
10,1,6,11,149
12,3,2,7,150
13,3,8,2,151
11,8,7,3,152
4,14,7,2,153
1,9,4,4,52
15,12,3,11,53
9,4,2,11,54
3,5,2,8,55
13,9,9,2,56
14,7,7,2,57
7,9,2,4,58
15,3,5,10,59
8,2,6,11,60
5,10,6,6,61
