12,8,6,9,2755
2,4,2,7,2756
12,2,2,5,2757
14,4,3,9,2758
7,5,3,2,2759
4,6,4,7,2760
5,2,7,2,2761
8,14,10,3,2762
6,8,9,3,2763
14,5,2,5,2764
3,2,5,7,2765
11,3,2,11,2766
14,12,2,2,2767
6,15,6,6,2768
15,11,4,10,2769
9,12,10,9,2770
1,15,4,2,2771
6,2,3,10,2772
7,12,7,3,2773
3,15,7,5,2774
8,4,4,3,2775
2,9,5,4,2776
12,15,2,11,2777
6,13,10,7,2778
3,10,2,3,2779
15,3,3,7,2780
10,5,6,2,2781
6,11,10,2,2782
13,11,5,3,2783
1,11,5,3,2784
7,11,4,8,2785
7,8,9,3,2786
8,1,7,3,2787
8,14,9,11,2788
7,3,4,11,2789
11,4,7,4,2790
14,1,9,6,2791
3,2,10,5,2792
12,8,2,2,2793
14,3,4,5,2794
15,10,3,3,2795
4,15,4,7,2796
8,6,6,2,2797
6,1,2,5,2798
2,5,4,9,2799
6,8,4,9,2800
3,2,7,10,2801
13,14,5,11,2802
3,7,6,6,2803
7,8,4,5,2804
6,15,10,4,2805
12,8,2,11,2704
1,10,7,2,2705
15,10,8,3,2706
15,11,2,11,2707
8,6,8,8,2708
11,9,7,6,2709
5,1,8,4,2710
2,8,5,10,2711
11,12,4,5,2712
15,8,5,6,2713
