0,2,1,4,1
Dem1_5 [ 1 5 ] 184
  Dem1_6 [ 1 6 ] 77
  Dem1_8 [ 1 8 ] 77
  Dem1_9 [ 1 9 ] 272
  Dem1_12 [ 1 12 ] 136
  Dem1_13 [ 1 13 ] 106
  Dem1_15 [ 1 15 ] 320
  Dem1_17 [ 1 17 ] 48
  Dem1_20 [ 1 20 ] 213
  Dem1_22 [ 1 22 ] 301
  Dem1_23 [ 1 23 ] 184
  Dem1_25 [ 1 25 ] 106
  Dem2_1 [ 2 1 ] 77
  Dem2_4 [ 2 4 ] 77
  Dem2_9 [ 2 9 ] 408
  Dem2_10 [ 2 10 ] 204
  Dem2_11 [ 2 11 ] 116
  Dem2_12 [ 2 12 ] 204
  Dem2_14 [ 2 14 ] 77
  Dem2_16 [ 2 16 ] 320
  Dem2_20 [ 2 20 ] 320
  Dem2_23 [ 2 23 ] 282
  Dem3_1 [ 3 1 ] 106
  Dem3_2 [ 3 2 ] 155
  Dem3_4 [ 3 4 ] 106
  Dem3_11 [ 3 11 ] 155
  Dem3_16 [ 3 16 ] 437
  Dem3_19 [ 3 19 ] 106
  Dem3_20 [ 3 20 ] 437
  Dem3_24 [ 3 24 ] 486
  Dem4_1 [ 4 1 ] 48
  Dem4_6 [ 4 6 ] 77
  Dem4_7 [ 4 7 ] 48
  Dem4_9 [ 4 9 ] 272
  Dem4_16 [ 4 16 ] 213
  Dem4_17 [ 4 17 ] 48
  Dem4_18 [ 4 18 ] 136
  Dem4_25 [ 4 25 ] 106
  Dem5_2 [ 5 2 ] 282
  Dem5_3 [ 5 3 ] 379
  Dem5_4 [ 5 4 ] 184
  Dem5_7 [ 5 7 ] 184
  Dem5_11 [ 5 11 ] 282
  Dem5_12 [ 5 12 ] 476
  Dem5_16 [ 5 16 ] 768
  Dem5_17 [ 5 17 ] 184
  Dem5_19 [ 5 19 ] 184
  Dem5_21 [ 5 21 ] 184
  Dem5_22 [ 5 22 ] 1050
  Dem5_25 [ 5 25 ] 379
  Dem6_2 [ 6 2 ] 116
  Dem6_3 [ 6 3 ] 155
  Dem6_5 [ 6 5 ] 282
  Dem6_8 [ 6 8 ] 116
  Dem6_12 [ 6 12 ] 204
  Dem6_13 [ 6 13 ] 155
  Dem6_15 [ 6 15 ] 486
  Dem6_16 [ 6 16 ] 320
  Dem6_17 [ 6 17 ] 77
  Dem6_18 [ 6 18 ] 204
  Dem6_19 [ 6 19 ] 77
  Dem6_20 [ 6 20 ] 320
  Dem6_21 [ 6 21 ] 77
  Dem6_22 [ 6 22 ] 447
  Dem7_1 [ 7 1 ] 48
  Dem7_2 [ 7 2 ] 77
  Dem7_3 [ 7 3 ] 106
  Dem7_6 [ 7 6 ] 77
  Dem7_9 [ 7 9 ] 272
  Dem7_12 [ 7 12 ] 136
  Dem7_13 [ 7 13 ] 106
  Dem7_14 [ 7 14 ] 48
  Dem7_15 [ 7 15 ] 320
  Dem7_17 [ 7 17 ] 48
  Dem7_19 [ 7 19 ] 48
  Dem7_20 [ 7 20 ] 213
  Dem7_25 [ 7 25 ] 106
  Dem8_2 [ 8 2 ] 116
  Dem8_3 [ 8 3 ] 155
  Dem8_4 [ 8 4 ] 77
  Dem8_5 [ 8 5 ] 282
  Dem8_7 [ 8 7 ] 77
  Dem8_9 [ 8 9 ] 408
  Dem8_11 [ 8 11 ] 116
  Dem8_12 [ 8 12 ] 204
  Dem8_13 [ 8 13 ] 155
  Dem8_14 [ 8 14 ] 77
  Dem8_15 [ 8 15 ] 486
  Dem8_16 [ 8 16 ] 320
  Dem8_19 [ 8 19 ] 77
  Dem8_20 [ 8 20 ] 320
  Dem8_22 [ 8 22 ] 447
  Dem8_23 [ 8 23 ] 282
  Dem9_3 [ 9 3 ] 544
  Dem9_5 [ 9 5 ] 953
  Dem9_6 [ 9 6 ] 408
  Dem9_11 [ 9 11 ] 408
  Dem9_13 [ 9 13 ] 544
  Dem9_14 [ 9 14 ] 272
  Dem9_20 [ 9 20 ] 1098
  Dem9_22 [ 9 22 ] 1507
  Dem9_23 [ 9 23 ] 953
  Dem9_24 [ 9 24 ] 1235
  Dem9_25 [ 9 25 ] 544
  Dem10_1 [ 10 1 ] 136
  Dem10_3 [ 10 3 ] 272
  Dem10_4 [ 10 4 ] 136
  Dem10_5 [ 10 5 ] 476
  Dem10_6 [ 10 6 ] 204
  Dem10_7 [ 10 7 ] 136
  Dem10_8 [ 10 8 ] 204
  Dem10_9 [ 10 9 ] 680
  Dem10_11 [ 10 11 ] 204
  Dem10_14 [ 10 14 ] 136
  Dem10_15 [ 10 15 ] 816
  Dem10_17 [ 10 17 ] 136
  Dem10_18 [ 10 18 ] 340
  Dem10_21 [ 10 21 ] 136
  Dem10_22 [ 10 22 ] 748
  Dem10_23 [ 10 23 ] 476
  Dem11_1 [ 11 1 ] 77
  Dem11_4 [ 11 4 ] 77
  Dem11_6 [ 11 6 ] 116
  Dem11_7 [ 11 7 ] 77
  Dem11_15 [ 11 15 ] 486
  Dem11_16 [ 11 16 ] 320
  Dem11_19 [ 11 19 ] 77
  Dem11_21 [ 11 21 ] 77
  Dem11_22 [ 11 22 ] 447
  Dem11_23 [ 11 23 ] 282
  Dem11_24 [ 11 24 ] 369
  Dem12_3 [ 12 3 ] 272
  Dem12_4 [ 12 4 ] 136
  Dem12_9 [ 12 9 ] 680
  Dem12_10 [ 12 10 ] 340
  Dem12_11 [ 12 11 ] 204
  Dem12_14 [ 12 14 ] 136
  Dem12_15 [ 12 15 ] 816
  Dem12_16 [ 12 16 ] 544
  Dem12_17 [ 12 17 ] 136
  Dem12_18 [ 12 18 ] 340
  Dem12_25 [ 12 25 ] 272
  Dem13_2 [ 13 2 ] 155
  Dem13_3 [ 13 3 ] 213
  Dem13_4 [ 13 4 ] 106
  Dem13_5 [ 13 5 ] 379
  Dem13_10 [ 13 10 ] 272
  Dem13_11 [ 13 11 ] 155
  Dem13_12 [ 13 12 ] 272
  Dem13_16 [ 13 16 ] 437
  Dem13_18 [ 13 18 ] 272
  Dem13_22 [ 13 22 ] 602
  Dem13_24 [ 13 24 ] 486
  Dem14_1 [ 14 1 ] 48
  Dem14_3 [ 14 3 ] 106
  Dem14_4 [ 14 4 ] 48
  Dem14_5 [ 14 5 ] 184
  Dem14_6 [ 14 6 ] 77
  Dem14_11 [ 14 11 ] 77
  Dem14_13 [ 14 13 ] 106
  Dem14_15 [ 14 15 ] 320
  Dem14_16 [ 14 16 ] 213
  Dem14_17 [ 14 17 ] 48
  Dem14_18 [ 14 18 ] 136
  Dem14_19 [ 14 19 ] 48
  Dem14_20 [ 14 20 ] 213
  Dem14_21 [ 14 21 ] 48
  Dem14_25 [ 14 25 ] 106
  Dem15_2 [ 15 2 ] 486
  Dem15_3 [ 15 3 ] 651
  Dem15_4 [ 15 4 ] 320
  Dem15_5 [ 15 5 ] 1147
  Dem15_9 [ 15 9 ] 1643
  Dem15_13 [ 15 13 ] 651
  Dem15_16 [ 15 16 ] 1312
  Dem15_17 [ 15 17 ] 320
  Dem15_18 [ 15 18 ] 816
  Dem15_19 [ 15 19 ] 320
  Dem15_21 [ 15 21 ] 320
  Dem15_24 [ 15 24 ] 1478
  Dem15_25 [ 15 25 ] 651
  Dem16_1 [ 16 1 ] 213
  Dem16_7 [ 16 7 ] 213
  Dem16_9 [ 16 9 ] 1098
  Dem16_10 [ 16 10 ] 544
  Dem16_17 [ 16 17 ] 213
  Dem16_20 [ 16 20 ] 875
  Dem16_25 [ 16 25 ] 437
  Dem17_2 [ 17 2 ] 77
  Dem17_3 [ 17 3 ] 106
  Dem17_8 [ 17 8 ] 77
  Dem17_9 [ 17 9 ] 272
  Dem17_11 [ 17 11 ] 77
  Dem17_13 [ 17 13 ] 106
  Dem17_23 [ 17 23 ] 184
  Dem18_1 [ 18 1 ] 136
  Dem18_2 [ 18 2 ] 204
  Dem18_3 [ 18 3 ] 272
  Dem18_5 [ 18 5 ] 476
  Dem18_7 [ 18 7 ] 136
  Dem18_8 [ 18 8 ] 204
  Dem18_9 [ 18 9 ] 680
  Dem18_11 [ 18 11 ] 204
  Dem18_16 [ 18 16 ] 544
  Dem18_17 [ 18 17 ] 136
  Dem18_21 [ 18 21 ] 136
  Dem19_1 [ 19 1 ] 48
  Dem19_2 [ 19 2 ] 77
  Dem19_4 [ 19 4 ] 48
  Dem19_9 [ 19 9 ] 272
  Dem19_10 [ 19 10 ] 136
  Dem19_12 [ 19 12 ] 136
  Dem19_13 [ 19 13 ] 106
  Dem19_16 [ 19 16 ] 213
  Dem19_17 [ 19 17 ] 48
  Dem19_18 [ 19 18 ] 136
  Dem19_20 [ 19 20 ] 213
  Dem19_23 [ 19 23 ] 184
  Dem19_24 [ 19 24 ] 243
  Dem19_25 [ 19 25 ] 106
  Dem20_4 [ 20 4 ] 213
  Dem20_5 [ 20 5 ] 768
  Dem20_10 [ 20 10 ] 544
  Dem20_11 [ 20 11 ] 320
  Dem20_12 [ 20 12 ] 544
  Dem20_13 [ 20 13 ] 437
  Dem20_15 [ 20 15 ] 1312
  Dem20_17 [ 20 17 ] 213
  Dem20_18 [ 20 18 ] 544
  Dem20_21 [ 20 21 ] 213
  Dem20_24 [ 20 24 ] 982
  Dem20_25 [ 20 25 ] 437
  Dem21_1 [ 21 1 ] 48
  Dem21_2 [ 21 2 ] 77
  Dem21_3 [ 21 3 ] 106
  Dem21_4 [ 21 4 ] 48
  Dem21_7 [ 21 7 ] 48
  Dem21_8 [ 21 8 ] 77
  Dem21_9 [ 21 9 ] 272
  Dem21_12 [ 21 12 ] 136
  Dem21_13 [ 21 13 ] 106
  Dem21_16 [ 21 16 ] 213
  Dem21_17 [ 21 17 ] 48
  Dem21_19 [ 21 19 ] 48
  Dem21_22 [ 21 22 ] 301
  Dem21_24 [ 21 24 ] 243
  Dem22_2 [ 22 2 ] 447
  Dem22_3 [ 22 3 ] 602
  Dem22_4 [ 22 4 ] 301
  Dem22_7 [ 22 7 ] 301
  Dem22_12 [ 22 12 ] 748
  Dem22_14 [ 22 14 ] 301
  Dem22_15 [ 22 15 ] 1808
  Dem22_16 [ 22 16 ] 1205
  Dem22_17 [ 22 17 ] 301
  Dem22_18 [ 22 18 ] 748
  Dem22_19 [ 22 19 ] 301
  Dem22_20 [ 22 20 ] 1205
  Dem23_3 [ 23 3 ] 379
  Dem23_4 [ 23 4 ] 184
  Dem23_5 [ 23 5 ] 671
  Dem23_6 [ 23 6 ] 282
  Dem23_7 [ 23 7 ] 184
  Dem23_12 [ 23 12 ] 476
  Dem23_13 [ 23 13 ] 379
  Dem23_14 [ 23 14 ] 184
  Dem23_15 [ 23 15 ] 1147
  Dem23_16 [ 23 16 ] 768
  Dem23_18 [ 23 18 ] 476
  Dem23_20 [ 23 20 ] 768
  Dem23_21 [ 23 21 ] 184
  Dem23_22 [ 23 22 ] 1050
  Dem23_24 [ 23 24 ] 865
  Dem24_1 [ 24 1 ] 243
  Dem24_2 [ 24 2 ] 369
  Dem24_4 [ 24 4 ] 243
  Dem24_5 [ 24 5 ] 865
  Dem24_6 [ 24 6 ] 369
  Dem24_7 [ 24 7 ] 243
  Dem24_8 [ 24 8 ] 369
  Dem24_10 [ 24 10 ] 612
  Dem24_12 [ 24 12 ] 612
  Dem24_14 [ 24 14 ] 243
  Dem24_16 [ 24 16 ] 982
  Dem24_17 [ 24 17 ] 243
  Dem24_18 [ 24 18 ] 612
  Dem24_22 [ 24 22 ] 1361
  Dem24_25 [ 24 25 ] 486
  Dem25_2 [ 25 2 ] 155
  Dem25_3 [ 25 3 ] 213
  Dem25_6 [ 25 6 ] 155
  Dem25_8 [ 25 8 ] 155
  Dem25_10 [ 25 10 ] 272
  Dem25_11 [ 25 11 ] 155
  Dem25_13 [ 25 13 ] 213
  Dem25_17 [ 25 17 ] 106
  Dem25_18 [ 25 18 ] 272
  Dem25_21 [ 25 21 ] 106
  Dem25_22 [ 25 22 ] 602
  Dem25_23 [ 25 23 ] 379