6,15,6,8,1990
9,8,4,7,1991
1,8,6,6,1992
14,9,4,9,1993
7,1,6,4,1994
6,11,3,6,1995
9,13,8,7,1996
11,8,2,9,1997
15,7,9,3,1998
9,2,2,6,1999
6,15,9,3,2000
9,10,3,11,2001
1,10,3,10,2002
14,12,6,7,2003
15,3,6,10,2004
12,9,7,9,2005
6,4,2,5,2006
1,2,4,10,2007
3,6,6,6,2008
14,15,5,8,2009
4,13,2,7,2010
7,4,7,7,2011
2,7,5,10,2012
9,8,10,3,2013
10,12,7,3,2014
6,12,2,8,2015
1,10,4,2,2016
14,1,9,8,2017
14,4,4,10,2018
11,14,2,2,2019
13,12,2,5,2020
9,11,3,9,2021
15,14,8,9,2022
2,11,3,8,2023
6,8,6,2,2024
15,1,4,6,2025
13,4,8,10,2026
11,4,10,10,2027
15,9,3,5,2028
7,10,10,3,2029
12,5,10,10,2030
13,2,7,6,2031
12,15,3,9,2032
13,15,3,3,2033
7,10,6,3,2034
1,9,9,11,2035
14,5,7,11,2036
1,15,5,4,2037
9,5,3,9,2038
7,15,10,4,2039
4,1,3,7,2040
14,6,6,2,1939
15,10,3,4,1940
1,13,3,3,1941
9,5,6,11,1942
7,4,10,3,1943
9,5,3,4,1944
10,1,7,6,1945
9,14,2,7,1946
9,12,4,5,1947
9,14,5,5,1948
