2,6,3,2,3622
3,6,3,9,3623
15,5,6,6,3624
15,8,7,6,3625
1,4,3,8,3626
8,5,4,6,3627
15,9,8,5,3628
10,15,8,6,3629
3,4,2,3,3630
12,3,2,4,3631
6,5,2,10,3632
14,10,4,10,3633
9,13,6,8,3634
11,9,2,5,3635
1,4,10,4,3636
14,8,9,6,3637
1,14,10,9,3638
5,15,10,2,3639
5,11,3,7,3640
15,14,8,5,3641
8,14,10,3,3642
12,7,8,3,3643
3,8,4,3,3644
5,4,9,11,3645
3,10,7,2,3646
8,9,3,4,3647
12,9,5,3,3648
13,5,2,5,3649
3,9,7,3,3650
15,5,5,9,3651
4,11,10,4,3652
2,13,3,11,3653
5,9,9,2,3654
2,9,2,2,3655
1,11,3,9,3656
8,4,4,4,3657
3,4,9,3,3658
6,4,9,2,3659
12,1,9,2,3660
13,2,8,2,3661
14,7,3,11,3662
15,8,4,10,3663
14,5,3,5,3664
6,1,4,11,3665
7,11,4,8,3666
2,14,5,3,3667
12,8,4,2,3668
7,6,5,11,3669
11,8,4,8,3670
9,12,7,11,3671
11,12,4,10,3672
14,11,3,5,3571
15,12,8,7,3572
4,9,9,10,3573
3,1,9,10,3574
14,11,10,11,3575
9,8,3,11,3576
1,9,9,2,3577
9,3,10,3,3578
4,12,9,8,3579
12,1,3,2,3580
