7,8,7,2,4183
4,10,7,2,4184
15,10,6,2,4185
14,2,9,5,4186
4,13,9,6,4187
14,5,8,11,4188
9,1,7,7,4189
12,7,4,10,4190
4,8,4,9,4191
4,13,10,2,4192
12,11,8,6,4193
4,8,9,8,4194
12,9,9,3,4195
5,12,10,7,4196
10,15,9,7,4197
13,2,9,9,4198
2,7,6,9,4199
11,12,8,6,4200
13,14,4,11,4201
11,13,2,3,4202
14,1,6,2,4203
5,13,10,9,4204
1,10,3,5,4205
6,4,9,11,4206
15,8,6,6,4207
6,7,6,3,4208
4,8,9,8,4209
5,13,7,7,4210
11,15,10,2,4211
13,11,2,6,4212
7,8,10,7,4213
11,6,2,9,4214
4,10,3,11,4215
5,11,6,2,4216
12,10,3,6,4217
6,12,6,7,4218
4,3,5,5,4219
9,1,7,2,4220
5,8,5,2,4221
9,5,5,2,4222
5,9,7,2,4223
1,5,3,4,4224
11,8,4,2,4225
6,12,10,3,4226
8,14,4,10,4227
4,6,10,9,4228
9,14,6,4,4229
2,9,7,11,4230
1,13,5,6,4231
6,11,10,3,4232
8,15,5,8,4233
14,12,9,7,4132
4,9,7,5,4133
3,4,10,4,4134
14,3,7,10,4135
11,3,8,10,4136
15,7,4,5,4137
11,10,5,4,4138
9,6,3,4,4139
3,11,5,3,4140
9,7,6,3,4141
