13,1,8,4,1888
1,10,8,4,1889
3,13,8,3,1890
9,11,8,6,1891
2,14,10,5,1892
1,6,8,4,1893
6,9,4,3,1894
3,15,5,5,1895
10,12,7,9,1896
14,8,2,8,1897
2,7,10,9,1898
13,2,10,6,1899
6,7,9,11,1900
6,5,2,9,1901
7,3,2,11,1902
3,11,7,7,1903
5,2,6,2,1904
9,5,4,8,1905
5,15,8,2,1906
15,12,9,11,1907
8,6,8,11,1908
10,14,6,10,1909
14,15,4,8,1910
6,2,4,10,1911
4,14,8,4,1912
15,2,7,7,1913
13,15,9,3,1914
9,15,5,8,1915
5,7,9,7,1916
15,3,2,11,1917
15,10,5,11,1918
12,13,4,11,1919
11,2,8,9,1920
8,6,5,8,1921
3,5,3,6,1922
10,14,6,7,1923
3,2,2,11,1924
4,14,9,4,1925
6,10,8,7,1926
1,5,5,8,1927
8,10,2,11,1928
11,1,9,5,1929
13,9,6,2,1930
15,4,4,10,1931
11,13,10,10,1932
15,11,6,6,1933
4,8,6,6,1934
9,15,3,6,1935
13,8,10,8,1936
9,1,6,4,1937
10,6,4,7,1938
5,10,4,9,1837
2,4,10,7,1838
9,5,4,11,1839
11,4,4,5,1840
15,2,5,3,1841
11,14,6,8,1842
7,13,10,10,1843
15,6,10,4,1844
7,1,2,2,1845
7,6,8,6,1846
