14,5,5,8,919
13,4,10,10,920
12,1,10,8,921
3,12,7,3,922
1,7,2,2,923
9,14,7,3,924
1,5,7,4,925
13,1,2,3,926
11,2,3,5,927
8,7,7,7,928
6,2,5,8,929
12,10,7,10,930
15,13,3,8,931
15,14,10,9,932
11,5,9,10,933
14,12,10,5,934
5,3,8,5,935
7,12,8,10,936
13,15,2,9,937
9,1,3,7,938
7,12,2,7,939
1,8,2,11,940
6,10,9,5,941
3,10,2,8,942
8,9,2,4,943
6,1,10,9,944
14,1,7,2,945
12,14,3,9,946
15,7,10,7,947
13,12,2,5,948
13,10,8,10,949
8,11,3,4,950
1,5,7,8,951
1,9,10,7,952
7,3,8,11,953
9,6,4,6,954
7,4,2,3,955
7,9,6,5,956
12,2,4,8,957
10,6,3,9,958
4,12,2,4,959
6,14,4,7,960
11,5,9,10,961
15,4,2,8,962
9,15,4,8,963
14,4,6,4,964
3,7,7,11,965
15,9,5,9,966
14,3,7,4,967
13,7,7,3,968
3,2,9,10,969
9,7,6,7,868
13,1,4,2,869
12,4,7,2,870
6,7,10,2,871
10,1,6,11,872
11,3,7,3,873
3,6,3,8,874
3,14,5,6,875
13,3,6,7,876
2,13,6,6,877
