8,11,6,6,2143
11,12,5,6,2144
11,5,9,7,2145
9,6,3,2,2146
5,1,8,2,2147
1,15,3,8,2148
12,6,4,7,2149
4,9,7,8,2150
7,2,4,11,2151
1,15,7,4,2152
12,2,6,7,2153
13,12,2,6,2154
7,4,5,5,2155
3,7,7,9,2156
15,14,2,2,2157
4,11,9,5,2158
5,6,10,9,2159
10,1,6,3,2160
11,14,5,4,2161
4,7,6,2,2162
4,5,5,7,2163
1,7,4,11,2164
1,2,3,3,2165
3,12,3,9,2166
8,2,6,2,2167
1,15,10,2,2168
2,5,8,4,2169
13,15,7,7,2170
6,14,2,11,2171
4,9,10,9,2172
9,7,4,4,2173
15,6,9,10,2174
11,3,3,11,2175
3,11,6,8,2176
10,14,9,2,2177
9,11,8,8,2178
10,8,9,7,2179
6,8,4,10,2180
13,15,3,5,2181
14,13,6,8,2182
8,3,2,4,2183
2,14,3,4,2184
10,9,4,2,2185
2,4,7,5,2186
5,15,10,5,2187
15,12,3,9,2188
13,3,3,10,2189
1,4,3,2,2190
7,9,5,2,2191
5,3,8,8,2192
15,11,2,6,2193
15,4,7,10,2092
5,7,3,8,2093
14,9,7,11,2094
9,7,3,9,2095
11,2,3,11,2096
15,2,2,4,2097
3,15,7,9,2098
14,1,4,10,2099
11,4,6,2,2100
15,3,9,2,2101
