1,11,8,10,1
4,5,10,10,2
11,1,2,6,3
3,2,6,5,4
6,1,9,10,5
9,7,3,2,6
13,15,10,8,7
1,2,7,8,8
13,9,6,2,9
12,14,5,7,10
11,8,4,10,11
9,7,4,3,12
15,5,8,4,13
15,13,7,9,14
14,13,6,5,15
13,6,7,9,16
15,7,2,11,17
14,9,6,5,18
1,3,9,8,19
14,9,6,7,20
14,12,2,6,21
4,12,9,2,22
5,1,7,5,23
12,5,9,4,24
1,5,2,2,25
3,15,9,7,26
4,9,2,10,27
2,5,7,4,28
7,3,10,5,29
3,13,9,10,30
13,3,9,5,31
14,1,4,9,32
11,13,7,5,33
3,4,10,8,34
2,1,7,7,35
15,4,2,11,36
6,14,4,2,37
2,10,7,6,38
3,4,9,11,39
11,5,2,6,40
3,6,4,7,41
14,13,5,8,42
15,3,9,9,43
11,14,6,4,44
6,7,6,6,45
15,6,2,3,46
6,3,5,6,47
5,4,5,4,48
9,12,7,9,49
6,13,10,11,50
8,5,2,3,51
