10,5,2,7,4999
1,2,5,7,5000
14,2,8,11,5001
11,2,7,8,5002
4,14,2,5,5003
5,2,6,9,5004
14,10,4,9,5005
5,14,8,7,5006
1,9,3,3,5007
8,10,5,10,5008
13,7,10,6,5009
5,13,2,6,5010
10,13,10,6,5011
1,12,8,10,5012
5,1,4,7,5013
4,6,10,10,5014
5,11,9,4,5015
15,2,5,2,5016
6,4,7,4,5017
10,5,8,2,5018
8,7,3,5,5019
13,7,8,9,5020
14,10,4,4,5021
14,3,4,8,5022
13,3,2,5,5023
5,7,7,4,5024
10,14,3,8,5025
7,11,10,2,5026
4,10,3,2,5027
1,11,5,5,5028
14,5,3,4,5029
6,2,2,11,5030
9,11,2,6,5031
11,1,4,10,5032
13,6,8,4,5033
15,4,8,4,5034
8,3,6,6,5035
9,11,6,3,5036
11,12,5,8,5037
5,8,5,7,5038
6,11,9,3,5039
3,12,8,5,5040
8,9,6,4,5041
5,12,7,5,5042
7,6,3,9,5043
13,10,3,5,5044
7,13,10,10,5045
3,14,5,7,5046
6,11,7,3,5047
1,9,9,3,5048
11,13,10,9,5049
9,7,7,3,4948
2,13,7,11,4949
6,4,8,7,4950
4,2,2,5,4951
10,5,8,8,4952
2,14,9,8,4953
4,2,2,4,4954
1,13,8,5,4955
15,9,8,7,4956
3,2,2,3,4957
