13,14,2,8,4438
8,14,9,8,4439
3,11,8,11,4440
7,3,5,2,4441
12,13,5,10,4442
14,8,5,5,4443
9,2,9,2,4444
15,13,5,3,4445
3,15,9,5,4446
10,3,5,11,4447
5,9,10,11,4448
13,10,8,3,4449
3,9,9,5,4450
11,10,3,6,4451
8,11,5,4,4452
11,12,2,11,4453
15,3,2,3,4454
2,13,9,11,4455
7,12,2,9,4456
7,1,2,6,4457
6,11,5,7,4458
9,3,4,11,4459
10,1,5,10,4460
3,15,4,7,4461
3,15,6,4,4462
10,3,9,6,4463
7,9,10,7,4464
9,15,5,10,4465
14,12,10,2,4466
11,13,2,3,4467
5,15,10,5,4468
6,5,9,11,4469
11,4,9,3,4470
8,1,8,7,4471
5,11,6,6,4472
10,11,6,7,4473
7,12,10,4,4474
4,14,9,4,4475
12,1,4,8,4476
11,6,8,8,4477
1,6,8,3,4478
12,9,4,6,4479
1,15,8,4,4480
7,2,4,2,4481
13,10,7,2,4482
13,9,7,10,4483
7,13,10,2,4484
4,10,9,3,4485
15,11,3,5,4486
3,6,6,3,4487
10,6,4,10,4488
1,10,2,2,4387
3,6,8,7,4388
6,5,4,7,4389
9,8,10,5,4390
15,6,4,7,4391
1,13,4,9,4392
12,13,8,4,4393
5,1,9,2,4394
4,10,5,5,4395
13,12,4,7,4396
