2,10,6,3,1939
14,11,5,9,1940
11,5,4,6,1941
6,9,8,10,1942
10,3,9,4,1943
15,2,9,8,1944
8,9,3,8,1945
12,6,5,9,1946
3,11,10,7,1947
7,10,3,6,1948
14,2,3,5,1949
13,8,6,4,1950
13,8,10,11,1951
3,4,6,6,1952
14,8,2,2,1953
7,8,8,5,1954
10,2,4,9,1955
4,14,3,3,1956
9,8,5,10,1957
7,9,8,11,1958
3,2,7,2,1959
8,1,4,10,1960
2,1,7,4,1961
5,6,4,9,1962
5,10,8,10,1963
13,11,4,11,1964
14,2,10,5,1965
4,9,10,10,1966
3,14,2,9,1967
6,12,9,2,1968
5,12,8,9,1969
15,5,5,3,1970
8,7,6,8,1971
8,3,5,6,1972
12,15,10,5,1973
14,1,4,10,1974
10,8,3,8,1975
13,10,6,11,1976
2,12,8,3,1977
6,3,6,7,1978
9,7,9,9,1979
4,3,7,4,1980
7,5,5,3,1981
12,6,6,2,1982
7,5,4,3,1983
8,12,5,4,1984
11,13,4,9,1985
1,7,7,9,1986
13,1,5,10,1987
4,3,5,7,1988
7,3,8,6,1989
12,15,9,10,1888
7,15,2,2,1889
13,8,10,3,1890
13,7,6,7,1891
1,2,4,11,1892
9,7,9,9,1893
11,1,5,8,1894
12,1,10,10,1895
9,12,5,8,1896
13,15,7,10,1897
