7,13,3,9,4897
10,6,3,2,4898
5,11,5,11,4899
14,3,10,8,4900
5,11,6,10,4901
13,7,5,4,4902
14,2,5,9,4903
9,2,3,9,4904
2,12,6,5,4905
3,6,8,2,4906
10,4,5,9,4907
6,3,5,2,4908
8,10,5,5,4909
2,13,6,7,4910
3,6,7,5,4911
10,2,3,8,4912
14,1,6,4,4913
4,15,10,6,4914
2,10,7,5,4915
10,8,8,10,4916
8,4,8,3,4917
8,12,4,10,4918
9,15,3,3,4919
9,2,6,6,4920
9,5,10,7,4921
8,13,6,11,4922
4,14,4,8,4923
8,13,6,5,4924
3,12,4,8,4925
15,6,8,6,4926
8,7,7,4,4927
15,14,2,3,4928
12,1,10,11,4929
1,9,2,7,4930
12,1,9,3,4931
8,12,10,4,4932
12,11,2,4,4933
14,8,8,2,4934
8,13,3,2,4935
5,11,9,8,4936
9,12,5,8,4937
14,13,4,11,4938
4,7,4,10,4939
15,4,3,10,4940
12,2,8,9,4941
2,1,10,6,4942
1,14,3,6,4943
15,12,9,11,4944
4,7,5,9,4945
5,3,10,3,4946
9,2,4,5,4947
11,4,4,8,4846
3,13,4,2,4847
15,10,7,9,4848
10,11,2,2,4849
6,5,6,2,4850
12,10,4,5,4851
14,2,5,3,4852
6,7,3,9,4853
12,14,2,9,4854
3,1,9,3,4855
