2,9,5,11,4795
7,5,4,9,4796
6,5,4,10,4797
7,1,7,7,4798
14,12,3,2,4799
11,10,4,3,4800
9,11,9,4,4801
13,5,6,6,4802
2,4,8,8,4803
10,14,7,6,4804
4,8,4,10,4805
8,7,7,5,4806
12,15,6,4,4807
8,7,8,10,4808
5,7,3,10,4809
8,9,8,4,4810
10,1,8,2,4811
13,11,5,6,4812
10,13,8,4,4813
9,14,3,7,4814
12,2,9,2,4815
13,11,8,3,4816
10,7,9,10,4817
13,6,10,2,4818
7,8,4,9,4819
10,15,2,7,4820
2,9,6,4,4821
15,2,6,11,4822
12,7,3,7,4823
13,8,9,6,4824
8,11,9,8,4825
8,15,6,4,4826
3,7,8,3,4827
14,12,7,4,4828
9,6,7,7,4829
3,11,8,9,4830
8,5,9,9,4831
1,12,7,3,4832
12,5,7,3,4833
3,8,8,7,4834
6,7,6,9,4835
4,9,2,6,4836
7,4,3,3,4837
11,2,8,7,4838
13,9,7,5,4839
1,15,8,10,4840
5,8,9,4,4841
15,6,9,8,4842
4,5,7,5,4843
3,4,10,5,4844
4,13,9,6,4845
12,1,6,5,4744
14,2,6,7,4745
7,1,2,5,4746
3,2,8,4,4747
14,1,7,9,4748
10,4,5,11,4749
6,15,3,8,4750
8,13,5,8,4751
5,6,4,11,4752
3,2,7,3,4753
