1,12,2,11,3724
15,7,2,7,3725
8,14,2,11,3726
8,9,9,3,3727
2,9,8,2,3728
1,14,8,7,3729
1,3,6,11,3730
9,3,10,2,3731
10,1,8,9,3732
1,14,5,4,3733
5,6,10,3,3734
11,9,7,11,3735
13,11,5,10,3736
11,6,7,11,3737
14,5,4,3,3738
4,1,10,10,3739
3,12,2,6,3740
4,11,4,11,3741
1,9,5,6,3742
7,15,6,9,3743
9,5,10,10,3744
12,6,6,6,3745
8,10,4,6,3746
3,2,4,11,3747
1,3,4,3,3748
6,7,5,2,3749
5,10,4,7,3750
14,13,3,2,3751
5,7,9,5,3752
2,3,6,8,3753
2,12,8,6,3754
15,12,6,7,3755
13,14,5,2,3756
9,10,9,3,3757
15,3,7,2,3758
11,15,6,11,3759
15,8,5,6,3760
12,3,10,2,3761
1,5,2,11,3762
1,12,6,3,3763
12,11,10,5,3764
10,15,7,7,3765
8,4,6,11,3766
15,2,7,11,3767
4,12,3,4,3768
8,4,8,4,3769
9,1,8,7,3770
11,2,8,4,3771
10,15,5,7,3772
8,9,8,3,3773
6,12,3,7,3774
5,2,3,11,3673
3,1,5,8,3674
5,12,7,7,3675
15,1,7,6,3676
15,2,8,11,3677
9,13,5,3,3678
15,6,4,10,3679
8,7,4,10,3680
9,4,7,8,3681
1,5,3,10,3682
