15,36,196,4,201
15,37,169,4,202
15,38,120,4,203
15,39,102,4,204
16,17,134,4,205
16,18,166,4,206
16,19,134,4,207
16,20,176,4,208
16,21,160,4,209
16,22,191,4,210
16,23,149,4,211
16,24,109,4,212
16,25,124,4,213
16,26,111,4,214
16,27,159,4,215
16,28,113,4,216
16,29,142,4,217
16,30,105,4,218
16,31,194,4,219
16,32,136,4,220
16,33,166,4,221
16,34,151,4,222
16,35,113,4,223
16,36,163,4,224
16,37,189,4,225
16,38,174,4,226
16,39,170,4,227
17,18,179,4,228
17,19,118,4,229
17,20,165,4,230
17,21,120,4,231
17,22,136,4,232
17,23,145,4,233
17,24,151,4,234
17,25,151,4,235
17,26,114,4,236
17,27,164,4,237
17,28,154,4,238
17,29,133,4,239
17,30,139,4,240
17,31,108,4,241
17,32,197,4,242
17,33,101,4,243
17,34,157,4,244
17,35,113,4,245
17,36,194,4,246
17,37,124,4,247
17,38,142,4,248
17,39,186,4,249
29,31,155,4,250
5,20,350,4,151
5,21,600,4,152
5,22,450,4,153
5,23,500,4,154
5,24,451,4,155
5,25,432,4,156
5,26,367,4,157
5,27,555,4,158
5,28,666,4,159
5,29,777,4,160