6,5,7,5,3214
9,15,9,9,3215
11,13,5,4,3216
8,13,9,8,3217
8,14,7,4,3218
13,6,5,7,3219
1,15,3,8,3220
14,9,10,6,3221
3,15,10,11,3222
9,2,4,8,3223
12,2,9,3,3224
8,15,6,11,3225
10,15,6,2,3226
8,1,10,5,3227
14,7,2,11,3228
2,8,4,8,3229
5,11,7,9,3230
13,4,7,2,3231
11,5,4,5,3232
8,15,10,10,3233
6,11,4,11,3234
6,4,8,3,3235
10,8,8,7,3236
2,12,5,8,3237
11,15,4,6,3238
14,13,10,9,3239
4,2,4,5,3240
9,1,6,8,3241
5,14,3,7,3242
10,9,2,2,3243
1,12,8,10,3244
11,8,2,3,3245
12,11,2,8,3246
6,15,9,4,3247
5,9,6,9,3248
10,4,8,8,3249
8,6,5,6,3250
8,13,3,6,3251
10,7,6,9,3252
4,1,9,5,3253
14,13,9,9,3254
8,13,2,6,3255
15,2,7,5,3256
10,15,5,9,3257
11,6,5,6,3258
12,13,8,8,3259
13,3,4,11,3260
8,13,3,10,3261
4,14,10,6,3262
8,11,6,7,3263
8,13,4,2,3264
2,14,8,9,3163
15,5,10,11,3164
15,6,5,7,3165
7,6,5,10,3166
4,5,4,11,3167
6,4,5,5,3168
6,14,6,8,3169
9,12,2,9,3170
6,7,6,4,3171
7,15,5,2,3172
