5,15,3,4,2398
12,14,2,2,2399
2,8,2,11,2400
12,7,3,11,2401
12,2,4,11,2402
4,2,5,8,2403
7,15,2,6,2404
8,13,4,4,2405
4,6,8,2,2406
8,10,5,7,2407
3,11,6,7,2408
9,10,5,7,2409
15,2,5,3,2410
10,7,10,6,2411
1,6,6,6,2412
6,13,6,5,2413
11,3,7,10,2414
12,1,2,2,2415
14,15,6,7,2416
4,13,7,3,2417
14,7,9,9,2418
15,8,9,5,2419
12,15,3,5,2420
4,12,4,8,2421
2,13,2,4,2422
1,10,7,3,2423
13,4,8,10,2424
3,12,4,3,2425
7,15,8,7,2426
9,13,3,10,2427
5,14,9,9,2428
1,6,4,10,2429
7,2,2,8,2430
11,9,2,2,2431
8,3,2,3,2432
15,12,5,2,2433
1,12,2,2,2434
12,1,2,7,2435
6,4,9,9,2436
12,9,7,2,2437
8,2,7,8,2438
4,1,3,2,2439
6,12,10,2,2440
2,6,3,5,2441
14,13,10,11,2442
13,7,3,7,2443
15,11,4,9,2444
2,5,9,5,2445
12,3,10,8,2446
10,15,9,10,2447
14,15,5,9,2448
10,9,9,4,2347
14,2,5,7,2348
15,10,2,9,2349
2,8,6,8,2350
2,12,9,2,2351
2,9,6,3,2352
10,14,8,9,2353
10,3,8,7,2354
10,8,2,2,2355
1,3,7,2,2356
