3,8,2,6,2296
11,15,9,7,2297
10,13,5,7,2298
7,1,7,7,2299
4,12,3,4,2300
8,5,3,9,2301
4,9,9,11,2302
1,4,2,6,2303
6,1,7,8,2304
15,14,4,6,2305
9,3,3,6,2306
11,15,7,9,2307
1,13,5,3,2308
7,8,5,11,2309
8,4,5,4,2310
14,15,5,3,2311
3,13,3,11,2312
11,4,7,11,2313
3,8,4,10,2314
7,1,5,8,2315
15,6,2,7,2316
3,9,7,2,2317
9,13,10,10,2318
1,13,2,11,2319
5,3,4,7,2320
4,7,3,11,2321
13,6,6,3,2322
9,8,2,10,2323
7,15,9,9,2324
1,15,4,9,2325
2,13,8,11,2326
5,6,6,5,2327
14,4,7,4,2328
7,15,9,10,2329
15,4,2,6,2330
4,6,9,9,2331
14,8,9,6,2332
12,9,5,7,2333
6,3,10,9,2334
14,11,8,5,2335
5,15,2,2,2336
14,1,3,11,2337
5,3,10,4,2338
14,10,5,2,2339
3,14,5,10,2340
14,11,2,8,2341
1,5,4,8,2342
2,4,4,9,2343
8,5,3,6,2344
4,8,2,5,2345
1,4,9,8,2346
2,10,5,6,2245
11,1,8,6,2246
9,4,7,7,2247
9,12,8,9,2248
13,5,7,11,2249
11,1,3,3,2250
1,12,10,4,2251
9,13,10,3,2252
1,7,6,5,2253
6,11,2,11,2254
