14,2,7,11,1531
3,10,10,7,1532
11,6,8,5,1533
4,11,7,2,1534
12,15,4,8,1535
6,9,2,6,1536
15,4,4,7,1537
4,5,3,7,1538
9,15,10,10,1539
15,5,3,8,1540
12,7,5,5,1541
8,14,10,2,1542
10,9,8,8,1543
11,4,8,6,1544
3,4,8,4,1545
2,5,6,2,1546
1,12,7,3,1547
8,14,7,6,1548
11,12,3,2,1549
2,12,3,5,1550
14,13,10,7,1551
11,15,6,10,1552
4,2,3,6,1553
7,14,3,2,1554
3,6,3,3,1555
15,2,3,4,1556
2,8,5,10,1557
15,3,3,9,1558
9,3,9,9,1559
2,4,3,7,1560
6,3,6,9,1561
1,13,8,6,1562
15,8,4,2,1563
11,12,3,2,1564
8,15,2,9,1565
5,9,5,10,1566
10,1,4,5,1567
15,9,7,2,1568
12,5,3,7,1569
13,6,9,8,1570
2,14,5,7,1571
12,6,7,11,1572
4,5,6,3,1573
14,15,5,3,1574
2,5,9,7,1575
7,8,5,5,1576
5,8,7,2,1577
5,7,5,10,1578
12,6,4,6,1579
3,11,4,3,1580
2,6,6,8,1581
11,10,7,5,1480
15,8,2,2,1481
7,2,8,9,1482
6,8,9,3,1483
5,4,3,7,1484
8,1,4,9,1485
9,14,3,5,1486
15,10,3,2,1487
3,7,3,11,1488
1,9,10,7,1489
