13,3,2,6,1225
12,14,3,8,1226
15,4,2,5,1227
15,2,5,5,1228
10,13,7,4,1229
13,9,2,10,1230
14,5,8,3,1231
8,10,5,9,1232
3,14,3,5,1233
7,10,9,9,1234
4,6,9,2,1235
5,3,7,11,1236
8,1,6,5,1237
3,2,4,9,1238
13,1,9,4,1239
15,5,2,8,1240
7,4,4,2,1241
11,10,9,4,1242
9,8,5,7,1243
10,3,3,3,1244
6,11,3,5,1245
14,7,8,6,1246
4,11,7,2,1247
5,12,2,10,1248
7,15,5,10,1249
5,6,3,3,1250
11,4,9,3,1251
7,3,3,10,1252
11,13,7,11,1253
2,1,2,8,1254
7,5,3,6,1255
9,10,7,10,1256
2,9,5,8,1257
15,10,9,3,1258
14,7,3,7,1259
15,6,10,11,1260
15,12,4,8,1261
8,9,7,8,1262
2,5,9,11,1263
6,5,9,7,1264
8,2,10,3,1265
4,1,7,6,1266
10,4,2,8,1267
6,5,7,10,1268
15,10,2,2,1269
3,5,8,2,1270
7,5,10,2,1271
7,6,2,8,1272
8,14,6,4,1273
9,2,2,4,1274
11,8,10,8,1275
3,4,7,10,1174
9,6,5,10,1175
2,3,9,7,1176
8,14,9,4,1177
15,1,5,6,1178
1,14,3,9,1179
6,10,6,7,1180
13,1,5,6,1181
12,1,9,11,1182
12,7,8,9,1183
