15,13,7,6,3928
1,3,3,6,3929
1,3,10,3,3930
1,12,8,11,3931
1,14,2,9,3932
5,14,6,3,3933
10,5,3,7,3934
2,14,8,5,3935
11,3,2,2,3936
7,3,7,10,3937
10,13,3,8,3938
2,9,10,6,3939
12,2,8,7,3940
3,4,2,8,3941
3,9,10,9,3942
13,9,2,6,3943
6,2,7,7,3944
3,15,5,7,3945
7,14,5,11,3946
2,10,2,3,3947
15,2,7,3,3948
5,1,3,6,3949
9,8,7,2,3950
4,5,6,6,3951
10,3,5,9,3952
9,15,10,10,3953
3,10,8,10,3954
12,8,2,8,3955
4,8,8,7,3956
9,6,6,8,3957
7,11,6,4,3958
5,12,5,5,3959
1,9,8,5,3960
6,11,2,4,3961
5,3,6,9,3962
8,9,8,7,3963
3,10,2,9,3964
8,4,6,3,3965
4,15,4,6,3966
2,11,5,3,3967
5,15,9,6,3968
3,5,7,3,3969
4,13,3,10,3970
14,6,4,6,3971
5,10,6,9,3972
14,11,3,10,3973
5,10,3,2,3974
13,15,7,2,3975
5,12,9,10,3976
15,13,5,3,3977
15,6,4,6,3978
1,15,5,7,3877
11,3,3,11,3878
12,1,5,8,3879
10,14,8,2,3880
13,11,7,4,3881
9,4,7,6,3882
4,14,4,7,3883
4,2,7,5,3884
4,15,5,5,3885
11,5,9,7,3886
