2,7,4,5,511
12,1,4,4,512
6,5,9,4,513
8,11,9,5,514
7,11,10,10,515
6,5,3,10,516
10,3,6,8,517
4,6,7,8,518
15,1,6,9,519
10,5,10,11,520
6,14,2,4,521
7,10,7,10,522
6,8,5,6,523
10,4,9,4,524
7,9,10,5,525
7,11,7,11,526
6,14,10,7,527
6,3,6,5,528
2,14,6,10,529
1,7,3,8,530
6,12,9,10,531
15,8,9,3,532
9,14,6,6,533
15,10,3,6,534
12,5,9,2,535
14,15,9,3,536
8,15,6,9,537
2,12,5,3,538
12,4,8,7,539
8,6,4,6,540
6,11,10,5,541
6,2,9,6,542
2,10,9,9,543
15,6,9,5,544
14,4,6,4,545
11,15,6,3,546
8,12,4,5,547
8,15,4,10,548
8,15,2,11,549
9,8,8,10,550
15,7,2,4,551
12,10,9,2,552
11,9,7,11,553
10,13,5,2,554
9,13,4,6,555
1,14,7,10,556
11,13,2,9,557
9,10,8,7,558
8,12,9,3,559
15,7,6,6,560
1,3,6,6,561
12,2,5,8,460
15,9,7,5,461
2,6,3,4,462
5,3,6,2,463
12,6,4,8,464
3,4,2,7,465
7,14,9,4,466
6,4,3,3,467
10,14,10,9,468
1,12,8,6,469
