9,8,6,9,3316
1,12,10,2,3317
5,7,3,3,3318
14,8,5,7,3319
7,10,2,10,3320
15,4,8,8,3321
13,11,8,11,3322
10,3,4,9,3323
5,14,4,10,3324
14,11,3,5,3325
4,3,5,11,3326
10,15,6,11,3327
1,7,9,3,3328
7,2,8,9,3329
13,7,2,2,3330
9,1,4,11,3331
7,11,10,6,3332
3,13,9,5,3333
9,6,7,5,3334
14,6,5,4,3335
2,1,3,9,3336
8,14,3,11,3337
10,14,3,5,3338
15,3,6,9,3339
10,13,7,2,3340
5,1,7,8,3341
4,1,10,7,3342
6,11,3,3,3343
11,2,8,9,3344
8,3,4,4,3345
5,6,9,9,3346
11,5,2,8,3347
10,2,9,8,3348
10,9,3,5,3349
7,4,3,9,3350
5,1,3,8,3351
9,10,5,5,3352
15,1,8,2,3353
13,14,3,6,3354
6,15,6,5,3355
15,12,5,9,3356
13,9,4,7,3357
3,4,5,6,3358
4,11,2,3,3359
14,4,2,6,3360
15,11,2,8,3361
11,7,9,3,3362
12,13,7,6,3363
12,11,7,4,3364
15,8,9,5,3365
15,5,3,7,3366
3,2,2,2,3265
6,13,10,2,3266
3,14,5,10,3267
10,2,4,8,3268
14,10,4,8,3269
15,14,3,5,3270
9,4,3,7,3271
10,1,7,10,3272
15,11,7,2,3273
3,1,9,5,3274
