6,2,5,9,3979
7,2,7,6,3980
4,14,7,4,3981
2,3,9,8,3982
11,13,9,10,3983
5,10,6,10,3984
10,9,3,5,3985
9,5,6,5,3986
1,9,9,10,3987
8,5,6,11,3988
15,14,9,2,3989
15,1,6,4,3990
8,15,5,4,3991
8,4,3,10,3992
5,15,7,10,3993
9,4,6,4,3994
6,9,7,9,3995
8,1,7,2,3996
10,7,6,9,3997
15,7,6,7,3998
7,6,4,5,3999
5,12,5,4,4000
10,6,2,11,4001
2,9,7,9,4002
2,13,8,2,4003
14,13,8,11,4004
9,12,2,2,4005
14,2,4,7,4006
1,15,5,4,4007
3,13,4,3,4008
6,11,2,8,4009
8,5,6,10,4010
7,3,6,8,4011
12,14,4,4,4012
1,2,10,10,4013
4,12,4,8,4014
13,6,5,11,4015
1,12,3,8,4016
6,3,2,4,4017
14,7,6,7,4018
5,13,7,3,4019
9,1,5,9,4020
14,9,10,9,4021
15,2,4,5,4022
8,13,2,3,4023
10,5,7,6,4024
6,12,2,2,4025
11,14,9,2,4026
15,6,7,3,4027
5,3,4,6,4028
7,5,9,7,4029
12,8,2,7,3928
14,4,10,4,3929
8,3,5,3,3930
5,14,8,3,3931
8,14,7,2,3932
11,1,5,3,3933
11,2,7,7,3934
9,6,10,6,3935
13,8,4,8,3936
12,7,10,6,3937
