9,4,10,2,1582
15,4,6,6,1583
5,11,7,11,1584
4,14,4,6,1585
5,9,2,3,1586
9,6,8,3,1587
8,11,8,6,1588
8,10,5,4,1589
13,14,9,10,1590
8,14,6,6,1591
5,11,4,7,1592
4,15,7,4,1593
13,7,6,8,1594
11,10,2,2,1595
1,2,2,9,1596
8,4,3,6,1597
12,5,4,2,1598
10,12,3,10,1599
6,12,5,9,1600
8,6,4,3,1601
9,15,6,7,1602
12,6,9,2,1603
9,8,10,8,1604
2,9,8,8,1605
11,2,5,4,1606
12,8,2,3,1607
9,7,8,3,1608
15,4,10,7,1609
6,11,9,3,1610
13,12,10,9,1611
11,10,10,5,1612
12,13,10,8,1613
11,9,10,9,1614
14,3,7,5,1615
5,3,4,4,1616
2,5,6,10,1617
1,3,3,6,1618
6,10,7,10,1619
10,11,10,7,1620
13,8,2,3,1621
10,1,10,6,1622
7,15,10,3,1623
14,3,10,10,1624
2,1,2,7,1625
14,15,5,5,1626
7,4,10,10,1627
8,9,5,8,1628
6,1,2,8,1629
5,3,10,10,1630
15,8,7,9,1631
9,2,3,11,1632
3,7,6,2,1531
1,7,6,4,1532
2,6,7,6,1533
8,1,7,11,1534
9,14,2,9,1535
2,1,5,7,1536
5,8,2,5,1537
6,5,6,7,1538
6,3,5,6,1539
15,1,3,10,1540
