14,12,10,3,52
12,10,7,5,53
12,14,5,11,54
11,4,5,4,55
8,9,8,3,56
1,2,2,6,57
10,1,6,10,58
1,14,3,11,59
2,9,5,4,60
7,15,5,4,61
1,14,10,8,62
14,9,9,4,63
10,2,10,5,64
13,5,2,7,65
15,5,6,7,66
1,12,5,9,67
11,10,5,3,68
4,13,5,9,69
9,8,2,9,70
14,3,7,10,71
11,10,5,11,72
12,9,3,9,73
1,3,9,6,74
9,7,10,11,75
11,12,6,7,76
7,2,9,3,77
6,9,6,7,78
14,3,9,10,79
14,2,9,9,80
14,12,6,2,81
4,13,4,3,82
4,9,9,11,83
11,9,10,2,84
15,1,2,11,85
6,14,5,2,86
5,9,5,4,87
8,4,9,6,88
13,7,3,11,89
6,15,7,4,90
14,15,10,6,91
4,2,4,4,92
4,7,7,2,93
2,8,2,4,94
8,3,5,2,95
14,7,9,8,96
6,3,6,5,97
7,1,10,5,98
12,8,4,5,99
14,12,2,2,100
15,4,10,3,101
7,5,9,10,102
1,11,5,10,1
4,5,7,10,2
11,1,6,6,3
3,2,5,5,4
6,1,7,10,5
9,7,4,2,6
13,15,7,8,7
1,2,8,8,8
13,9,5,2,9
12,14,6,7,10
