14,9,9,2,4489
14,15,6,9,4490
14,1,6,7,4491
1,3,8,6,4492
14,10,2,10,4493
1,2,2,11,4494
11,5,10,8,4495
9,12,2,6,4496
13,3,3,2,4497
1,13,6,9,4498
12,10,2,9,4499
12,9,5,7,4500
13,8,7,10,4501
4,1,10,9,4502
12,8,8,5,4503
3,11,10,8,4504
9,13,9,2,4505
15,4,4,11,4506
15,2,8,6,4507
2,3,4,2,4508
8,5,3,11,4509
3,10,10,2,4510
1,14,4,2,4511
9,1,6,2,4512
12,15,6,6,4513
12,8,4,4,4514
14,7,5,11,4515
12,9,2,8,4516
15,8,3,11,4517
7,9,4,9,4518
2,12,5,8,4519
6,3,6,2,4520
8,15,4,10,4521
14,6,3,4,4522
8,11,10,7,4523
6,5,2,8,4524
5,10,8,2,4525
5,10,10,6,4526
15,14,8,11,4527
11,9,6,6,4528
5,11,7,6,4529
3,13,9,3,4530
11,9,3,10,4531
8,7,4,6,4532
2,11,8,9,4533
5,8,9,8,4534
1,9,9,6,4535
1,7,2,4,4536
15,12,2,7,4537
15,5,4,7,4538
13,15,8,2,4539
2,4,2,4,4438
12,15,8,10,4439
12,13,4,6,4440
11,3,8,2,4441
12,5,7,6,4442
15,8,5,7,4443
4,9,6,8,4444
1,4,5,10,4445
6,1,9,9,4446
9,4,9,5,4447
