2,10,9,6,2245
11,1,3,6,2246
9,4,10,7,2247
9,12,3,9,2248
13,5,6,11,2249
11,1,4,3,2250
1,12,7,4,2251
9,13,7,3,2252
1,7,8,5,2253
6,11,3,11,2254
2,4,7,2,2255
8,4,4,2,2256
3,12,2,10,2257
5,10,7,3,2258
4,9,10,3,2259
5,3,7,2,2260
6,2,4,8,2261
4,13,6,7,2262
2,11,2,6,2263
14,13,9,6,2264
10,13,3,8,2265
6,3,2,10,2266
8,14,10,7,2267
8,10,3,2,2268
13,15,6,2,2269
5,10,5,6,2270
2,7,9,9,2271
1,15,8,7,2272
11,3,4,4,2273
14,12,5,7,2274
1,3,8,9,2275
10,5,2,9,2276
1,9,5,10,2277
11,14,8,6,2278
9,2,4,7,2279
2,5,6,4,2280
10,9,2,3,2281
13,14,2,2,2282
9,10,5,5,2283
13,8,10,6,2284
9,11,9,10,2285
3,2,3,9,2286
6,9,10,8,2287
9,14,6,8,2288
3,1,2,7,2289
15,8,6,7,2290
15,11,7,10,2291
4,12,9,4,2292
1,3,9,10,2293
6,14,8,7,2294
5,1,9,9,2295
3,11,9,10,2194
4,2,9,3,2195
11,15,5,5,2196
5,11,4,4,2197
14,7,7,2,2198
4,2,5,4,2199
12,14,4,6,2200
14,1,10,7,2201
12,14,7,5,2202
6,7,7,4,2203
