1,8,8,2,4693
4,7,6,10,4694
7,9,9,11,4695
4,6,8,6,4696
5,4,9,10,4697
5,6,3,3,4698
1,6,8,8,4699
11,7,9,5,4700
14,4,3,11,4701
5,6,5,4,4702
15,9,6,5,4703
11,4,5,2,4704
1,15,7,10,4705
5,9,10,4,4706
8,10,3,3,4707
5,15,9,9,4708
1,14,10,4,4709
15,7,10,6,4710
10,5,3,3,4711
1,10,7,3,4712
7,2,3,10,4713
8,2,4,3,4714
13,9,7,10,4715
14,15,10,3,4716
15,2,7,3,4717
5,7,9,4,4718
13,6,3,5,4719
5,9,8,10,4720
13,12,10,7,4721
13,11,10,7,4722
13,11,3,5,4723
7,12,6,4,4724
11,3,3,11,4725
6,13,2,4,4726
10,3,9,6,4727
8,10,10,5,4728
9,7,5,3,4729
3,6,2,11,4730
6,3,10,9,4731
1,7,4,2,4732
4,10,3,10,4733
5,13,6,2,4734
11,5,6,4,4735
11,14,4,8,4736
13,14,9,11,4737
10,8,5,9,4738
10,6,9,3,4739
13,12,8,5,4740
6,7,7,10,4741
2,13,3,5,4742
11,15,9,7,4743
13,2,8,3,4642
11,10,7,10,4643
3,6,9,7,4644
4,3,3,7,4645
7,1,9,5,4646
12,3,8,6,4647
5,4,7,9,4648
15,2,5,11,4649
9,4,7,4,4650
9,10,8,7,4651
