11,9,4,4,1684
13,14,10,8,1685
6,10,8,3,1686
7,5,3,8,1687
10,2,9,6,1688
13,14,7,9,1689
12,9,8,11,1690
9,11,5,6,1691
15,14,9,11,1692
3,14,7,11,1693
9,15,2,2,1694
2,6,5,2,1695
2,3,4,6,1696
12,1,8,8,1697
8,14,2,9,1698
2,15,4,6,1699
9,5,7,7,1700
7,2,6,4,1701
13,14,5,5,1702
15,9,6,2,1703
1,11,3,4,1704
15,11,8,11,1705
12,6,4,6,1706
15,8,4,4,1707
6,4,2,7,1708
14,10,5,11,1709
12,7,10,6,1710
2,1,6,8,1711
3,12,3,4,1712
1,12,8,11,1713
9,6,10,10,1714
7,8,6,6,1715
11,12,2,11,1716
5,14,8,10,1717
7,5,6,10,1718
12,1,7,3,1719
15,6,5,4,1720
11,10,5,8,1721
7,3,5,2,1722
2,10,8,8,1723
6,14,2,4,1724
11,2,5,5,1725
7,15,2,11,1726
13,10,6,10,1727
5,10,8,4,1728
14,5,3,10,1729
10,13,2,11,1730
2,12,4,2,1731
3,8,8,4,1732
3,13,2,3,1733
3,14,7,5,1734
5,11,8,3,1633
7,1,4,3,1634
1,6,5,10,1635
15,6,2,5,1636
10,9,7,2,1637
3,11,4,10,1638
3,8,2,2,1639
13,14,2,4,1640
2,11,5,11,1641
1,13,10,9,1642
