3,12,3,8,4846
11,12,6,2,4847
10,1,5,6,4848
1,3,2,8,4849
14,8,3,11,4850
8,6,10,2,4851
3,10,2,7,4852
7,2,8,2,4853
10,5,4,4,4854
5,12,9,9,4855
4,3,9,5,4856
10,4,3,4,4857
8,4,3,9,4858
9,15,5,3,4859
13,7,2,7,4860
4,14,5,8,4861
9,3,6,2,4862
5,8,2,10,4863
3,14,4,9,4864
6,2,9,11,4865
15,6,2,5,4866
11,13,7,7,4867
15,13,7,11,4868
10,5,3,10,4869
4,12,6,6,4870
12,4,5,2,4871
4,14,2,10,4872
8,7,2,6,4873
7,1,8,10,4874
2,12,7,11,4875
15,9,2,3,4876
4,1,10,5,4877
10,11,8,8,4878
3,13,8,2,4879
15,4,3,11,4880
14,12,3,5,4881
7,14,4,9,4882
6,12,6,11,4883
15,2,9,3,4884
3,15,8,10,4885
3,8,9,2,4886
6,13,4,3,4887
14,5,10,11,4888
1,10,7,11,4889
2,4,7,11,4890
9,15,2,8,4891
14,13,4,3,4892
1,14,3,9,4893
9,8,8,8,4894
12,6,6,9,4895
9,1,5,6,4896
12,6,7,2,4795
10,2,3,11,4796
7,6,9,10,4797
3,1,9,6,4798
1,8,10,9,4799
3,4,9,4,4800
12,14,9,5,4801
10,2,7,11,4802
12,8,5,6,4803
15,4,2,6,4804
