9,7,8,7,868
13,1,2,2,869
12,4,2,2,870
6,7,6,2,871
10,1,10,11,872
11,3,4,3,873
3,6,2,8,874
3,14,9,6,875
13,3,9,7,876
2,13,9,6,877
14,9,10,10,878
3,8,7,4,879
6,3,5,4,880
2,12,7,4,881
9,8,3,3,882
11,7,3,8,883
8,2,3,7,884
3,11,5,3,885
13,11,7,9,886
6,11,7,5,887
3,6,9,6,888
15,3,3,8,889
10,11,6,11,890
6,11,7,2,891
3,9,7,11,892
13,8,8,6,893
8,15,7,10,894
3,4,8,5,895
14,13,4,6,896
1,12,2,5,897
5,13,4,4,898
11,6,6,9,899
11,14,6,11,900
1,2,8,6,901
3,14,2,4,902
8,14,7,8,903
10,5,3,8,904
7,14,8,6,905
2,9,8,4,906
12,6,10,10,907
14,15,8,2,908
1,10,9,2,909
10,12,6,11,910
7,11,8,9,911
1,9,9,11,912
11,2,4,10,913
8,3,6,4,914
13,9,4,10,915
10,4,2,10,916
1,4,8,9,917
6,7,6,3,918
10,1,2,6,817
2,4,6,6,818
10,7,6,11,819
2,13,2,3,820
10,11,4,9,821
6,15,4,8,822
3,5,9,11,823
13,7,2,4,824
11,5,10,8,825
6,13,10,11,826
