6,10,10,7,1123
9,5,7,8,1124
13,3,10,7,1125
11,2,3,2,1126
12,9,2,11,1127
3,14,3,4,1128
7,3,4,5,1129
12,6,8,9,1130
11,3,3,5,1131
5,1,5,9,1132
6,1,7,2,1133
2,4,2,4,1134
10,4,6,7,1135
12,5,9,6,1136
4,14,7,4,1137
5,3,8,5,1138
10,1,2,8,1139
12,13,5,2,1140
12,7,7,3,1141
1,9,8,4,1142
3,13,3,3,1143
5,15,3,10,1144
1,4,4,4,1145
6,5,4,4,1146
11,2,10,2,1147
8,9,9,6,1148
12,8,2,7,1149
3,9,10,2,1150
2,14,7,2,1151
14,7,5,5,1152
9,3,8,5,1153
10,6,5,9,1154
4,11,7,5,1155
11,9,8,7,1156
3,5,8,4,1157
7,1,8,5,1158
15,14,5,6,1159
3,5,9,11,1160
11,8,8,11,1161
6,1,6,9,1162
12,2,9,10,1163
3,8,10,8,1164
12,2,2,10,1165
4,13,5,4,1166
15,3,7,11,1167
1,13,7,8,1168
7,1,2,6,1169
6,15,4,6,1170
10,6,5,5,1171
10,13,10,11,1172
15,10,8,8,1173
9,7,8,8,1072
12,7,3,9,1073
3,15,9,8,1074
6,2,3,8,1075
6,5,7,6,1076
10,1,2,8,1077
9,12,2,7,1078
9,8,6,7,1079
13,7,8,4,1080
12,13,5,4,1081
