5,11,5,3,1633
7,1,7,3,1634
1,6,6,10,1635
15,6,9,5,1636
10,9,2,2,1637
3,11,3,10,1638
3,8,7,2,1639
13,14,3,4,1640
2,11,6,11,1641
1,13,3,9,1642
2,7,5,4,1643
3,2,8,9,1644
12,1,10,4,1645
14,9,4,9,1646
1,5,3,11,1647
12,6,8,11,1648
15,10,4,3,1649
9,12,9,2,1650
5,13,9,6,1651
15,2,10,5,1652
15,12,10,11,1653
11,3,7,2,1654
10,2,4,8,1655
8,10,10,8,1656
7,4,5,7,1657
15,5,6,8,1658
10,4,8,9,1659
9,15,5,11,1660
13,3,4,3,1661
14,13,4,11,1662
12,7,10,10,1663
3,2,8,6,1664
5,2,7,9,1665
4,15,10,5,1666
7,1,3,6,1667
15,4,3,11,1668
15,3,5,5,1669
2,1,3,11,1670
4,2,5,4,1671
15,7,8,7,1672
15,14,7,6,1673
2,6,10,6,1674
14,2,10,11,1675
8,6,4,6,1676
3,11,5,8,1677
2,8,9,6,1678
2,11,5,2,1679
9,3,10,3,1680
1,6,10,11,1681
10,8,4,7,1682
15,13,10,2,1683
9,4,7,2,1582
15,4,3,6,1583
5,11,2,11,1584
4,14,6,6,1585
5,9,10,3,1586
9,6,6,3,1587
8,11,4,6,1588
8,10,8,4,1589
13,14,4,10,1590
8,14,4,6,1591
